genes	sample01_a	sample02_a	sample03_a	sample04_a	sample01_b	sample02_b	sample03_b	sample04_b	sample01_c	sample02_c	sample03_c	sample04_c
ABCC5	7.448	8.225	6.605	9.046	2.832	2.526	3.444	2.935	6.405	6.940	6.203	6.639
ACP6	7.741	7.164	7.958	7.031	1.903	4.057	2.447	3.072	7.194	7.369	7.239	6.442
ACSBG2	4.951	6.540	7.903	9.238	3.728	3.831	2.928	1.018	7.533	6.471	6.580	7.766
ACSM2B	8.336	7.104	7.605	6.899	2.110	3.055	3.752	1.765	7.692	7.027	6.452	8.914
ACSS3	8.451	6.981	8.521	7.776	3.997	3.672	2.384	2.658	7.410	5.843	5.728	8.851
ACTL7A	5.611	6.765	7.197	9.597	1.759	2.321	3.902	3.096	7.591	9.438	8.993	7.830
ACTN1	6.282	6.117	6.005	7.500	3.619	2.400	2.265	1.277	8.102	6.928	7.791	7.442
ADAMTSL4	6.916	5.048	6.628	6.863	2.775	2.950	3.618	0.545	6.357	7.412	5.735	7.345
ADH6	6.322	8.054	7.849	8.336	4.029	3.846	1.279	2.841	5.024	7.607	7.393	7.678
ADH7	8.106	8.217	8.250	8.431	2.587	4.585	1.556	2.641	7.174	8.352	8.062	7.289
ADHFE1	6.920	6.088	6.146	7.661	1.291	4.165	2.573	1.836	6.009	6.263	9.313	8.921
ADORA2A	8.557	8.165	8.769	8.526	2.568	2.666	2.901	0.550	8.633	9.133	7.977	8.365
ADRA2A	6.933	8.357	8.309	7.738	1.998	2.591	2.853	2.584	10.112	7.296	7.040	7.244
AHSP	7.562	5.642	7.299	7.376	3.244	3.290	1.475	2.706	7.806	7.793	6.575	6.605
AIDA	6.884	8.180	7.914	6.420	2.278	2.312	2.252	2.113	8.720	7.169	8.235	8.659
AKAP17A	7.776	7.196	6.906	4.308	3.532	3.575	0.737	3.513	8.281	8.022	6.788	7.642
AKAP2	9.137	8.065	8.758	8.034	3.503	1.919	2.331	1.404	7.967	7.094	9.236	7.668
AKAP5	7.603	6.614	8.323	5.473	3.662	1.997	3.309	2.844	7.965	5.084	6.040	6.620
AKR1C1	5.545	5.479	5.500	7.064	3.722	2.618	2.788	3.668	6.708	6.411	6.436	7.817
ALDH1A1	8.530	7.691	6.632	9.977	3.452	2.639	2.902	1.934	7.854	5.379	7.977	6.809
ALG5	6.642	6.503	5.704	5.854	4.022	2.681	3.551	4.086	7.923	6.999	7.611	7.746
ALK	8.205	7.761	6.879	7.881	2.292	1.901	2.742	2.819	6.750	7.596	6.346	6.291
AMBN	8.160	7.535	7.902	8.273	3.145	2.424	3.298	1.743	8.562	8.207	6.442	7.531
AMPD1	4.482	7.948	5.744	7.279	3.967	4.609	2.545	2.946	7.251	6.082	6.088	6.014
ANK1	8.855	8.289	8.829	7.033	1.995	1.746	1.855	2.729	8.623	8.917	8.650	7.239
ANKRD1	6.945	8.029	8.225	9.651	3.131	2.081	1.451	2.982	7.709	8.222	6.034	6.848
ANKRD46	7.011	6.008	6.391	6.482	2.742	1.268	3.925	3.973	6.680	5.640	4.945	8.420
ANP32A	7.358	6.369	6.679	7.015	1.840	1.297	2.110	2.225	7.771	8.129	8.886	7.901
ANP32C	7.128	6.833	8.514	6.052	1.100	3.853	2.265	2.653	7.026	7.011	6.370	5.998
APOB	7.684	7.037	6.624	5.578	2.291	3.687	2.593	3.359	6.802	6.899	7.625	6.802
APOL3	9.082	9.513	9.558	8.280	1.239	-1.778	1.969	-0.269	9.720	5.837	7.791	8.782
APOLD1	7.248	8.408	5.653	7.087	2.918	4.758	2.319	3.655	6.478	6.411	7.539	7.728
AQP7	7.935	8.194	6.609	7.114	2.180	3.001	3.242	5.047	4.258	7.919	8.392	7.304
ARHGEF4	6.306	10.159	7.308	9.267	4.692	2.561	3.732	0.906	6.300	5.887	5.872	6.475
ARID5A	5.623	6.391	8.316	6.822	1.893	3.201	1.568	2.622	6.327	8.049	7.641	7.701
ARL17B	7.470	8.221	9.084	7.617	4.431	2.508	1.342	2.196	7.610	9.047	6.921	6.381
ARNTL	6.577	8.764	8.385	7.900	1.101	2.036	3.758	1.521	6.089	7.373	9.151	6.928
ASCL3	7.896	7.107	7.860	5.906	3.471	3.106	3.335	0.400	7.756	7.206	9.392	7.328
ASGR1	7.682	7.416	7.163	8.280	2.848	0.364	3.170	2.433	8.618	8.540	7.394	9.255
ASGR2	7.407	8.051	6.246	6.950	2.576	3.386	0.965	2.345	6.215	7.756	7.764	9.218
ASH2L	8.738	8.772	7.763	8.778	0.977	1.245	0.791	2.809	7.089	8.769	7.525	7.722
ASPA	8.110	6.267	8.331	6.837	3.607	4.102	4.045	2.673	7.045	8.460	7.744	5.982
ATG13	7.796	8.439	8.468	7.263	2.837	2.308	3.805	1.748	9.118	7.084	8.984	7.320
ATG16L1	7.620	6.089	8.347	7.146	2.521	2.232	1.397	3.604	7.778	6.689	7.298	9.675
ATP2A2	8.697	7.627	5.665	5.713	4.385	3.326	0.403	3.822	6.051	8.291	8.027	6.557
ATP2B3	5.976	8.028	4.616	7.547	2.044	2.570	1.441	1.552	7.571	6.654	6.992	7.822
ATP5O	5.345	6.110	4.309	6.752	2.417	3.074	3.736	2.970	7.312	7.328	4.792	7.537
ATP7B	6.389	6.859	6.676	7.184	4.896	3.363	2.823	3.277	7.130	5.811	6.155	7.738
ATP8B2	6.195	8.771	8.951	7.863	3.906	1.674	3.098	2.224	8.200	7.544	8.493	6.762
ATP8B3	7.369	6.533	6.290	8.749	1.809	2.840	3.872	3.701	7.308	8.372	6.144	7.296
AZGP1	6.797	6.837	8.082	5.807	4.157	-0.148	1.385	2.416	5.879	9.191	7.682	8.091
B3GALT1	6.714	8.649	6.399	8.094	3.588	4.301	3.721	4.307	7.551	6.170	8.389	8.200
B3GAT1	8.145	7.073	4.980	8.605	1.779	3.101	3.475	4.388	6.838	6.607	8.027	8.156
B9D1	8.298	8.564	7.709	6.836	0.576	2.267	2.921	3.556	9.819	5.694	7.627	6.044
BACH2	7.994	7.499	7.960	9.574	1.115	2.125	1.498	2.614	7.654	9.467	8.953	8.537
BAG3	5.330	8.069	7.571	7.578	3.064	1.521	3.062	2.246	5.832	6.854	7.430	7.461
BATF	7.459	7.335	7.659	7.887	1.247	0.522	1.583	2.583	7.277	7.243	7.527	8.271
BCAN	6.444	7.270	6.677	7.866	3.025	2.724	3.143	0.669	7.706	8.400	7.993	5.911
BCHE	6.436	8.972	7.531	8.563	2.189	1.224	3.169	3.442	6.980	7.431	6.619	5.937
BCL2A1	7.549	8.505	7.071	8.322	3.093	3.000	2.549	2.707	6.697	6.809	7.623	7.602
BCL3	7.101	7.528	8.049	8.087	4.054	2.004	2.455	1.724	6.952	8.630	8.905	7.793
BEST1	7.177	7.696	7.027	8.447	3.488	2.369	0.637	2.971	5.234	6.599	6.666	7.354
BICRA	6.482	6.063	7.071	7.348	3.513	3.643	2.117	4.038	8.909	7.145	6.439	7.511
BIN2	6.813	6.745	7.210	7.979	2.903	1.872	1.861	2.399	7.411	8.299	7.327	8.486
BLM	6.488	7.351	8.383	8.462	2.127	3.324	2.169	3.690	6.694	7.242	5.904	7.461
BNC1	5.966	4.471	5.785	6.749	3.625	4.113	4.914	3.380	4.590	6.187	6.886	4.757
BRDT	8.097	8.905	6.684	7.026	2.447	4.687	2.288	3.860	7.993	8.727	7.387	9.433
C1orf105	8.798	7.570	7.783	6.784	3.261	1.537	2.698	1.822	8.045	8.464	8.240	8.491
C2orf42	8.537	8.519	8.627	8.786	4.093	2.793	-0.200	3.497	10.011	7.775	7.336	7.561
C3orf14	6.280	10.045	6.674	7.323	0.907	2.166	0.917	3.925	7.687	8.194	6.853	7.226
C4BPA	8.222	6.378	8.917	7.361	0.507	2.319	2.913	2.436	7.355	8.284	7.466	6.730
C5orf42	5.351	6.140	8.290	6.845	4.395	3.543	3.798	2.774	6.324	7.733	7.867	5.847
C6orf10	9.110	7.686	8.443	6.935	1.636	2.197	3.788	2.489	9.460	9.055	8.384	8.578
C7orf69	6.578	7.006	6.007	7.312	4.722	2.659	3.662	2.696	4.247	8.163	5.696	5.278
CA11	9.349	8.717	9.296	7.376	1.532	3.226	3.161	1.759	8.160	7.978	6.505	8.441
CABP5	7.993	7.992	9.177	7.077	1.610	2.267	3.766	2.297	6.375	9.563	7.320	6.123
CACNA1B	10.122	10.203	8.522	8.933	2.754	2.938	1.603	1.800	7.792	7.624	9.176	9.301
CACNA2D3	5.284	7.746	5.689	6.743	4.113	2.416	1.362	2.335	6.220	7.365	6.911	7.094
CAPN9	6.017	7.105	7.330	7.642	2.586	1.374	6.068	3.824	6.693	6.963	6.952	6.965
CASP5	7.569	7.923	9.350	8.018	2.265	3.796	1.615	3.444	8.233	9.322	8.675	5.774
CASQ2	6.030	4.995	5.913	6.286	2.881	2.294	3.003	1.221	7.163	7.521	8.038	7.919
CBFA2T3	8.750	6.250	7.830	8.346	1.069	2.539	1.324	3.525	6.658	7.429	6.870	8.114
CCDC121	8.489	7.470	6.313	7.668	1.060	2.784	2.176	0.984	6.159	9.332	7.014	8.495
CCL16	6.977	8.360	5.046	7.376	2.980	3.814	2.026	4.788	6.785	7.664	5.681	6.198
CCL18	8.927	6.870	8.582	8.030	0.836	2.997	1.296	-1.040	8.702	7.452	7.008	8.665
CCL5	6.242	6.443	6.552	5.502	4.655	1.779	2.842	4.052	6.071	5.904	6.614	5.474
CCNG1	5.451	5.363	6.450	6.479	2.655	3.267	2.251	3.754	6.194	5.350	7.233	8.594
CCT8	7.861	6.302	6.959	6.298	1.855	3.062	2.324	2.919	7.311	5.498	6.768	5.676
CD101	7.602	6.059	7.803	8.047	2.965	3.195	1.696	1.941	8.170	7.384	5.961	8.784
CD160	9.398	7.475	8.178	7.810	1.745	1.924	2.244	3.070	6.741	6.183	7.254	7.772
CD2	1.955	0.437	-0.821	-0.448	10.451	9.690	9.183	9.152	-0.602	-0.412	-0.161	-2.275
CD200	8.591	6.729	8.591	7.733	2.572	2.198	1.340	2.984	9.425	7.974	9.663	8.982
CD247	5.861	4.544	6.353	5.448	2.226	3.288	4.840	6.080	5.302	7.042	7.931	6.953
CD27	3.443	5.870	2.847	5.829	6.926	6.117	4.774	5.543	6.826	4.648	4.120	3.592
CD300A	8.542	3.471	7.508	6.291	2.298	1.844	2.969	1.925	5.338	7.009	7.196	7.575
CD302	7.935	6.238	8.516	8.023	2.684	5.389	3.383	1.554	8.399	6.502	7.015	8.473
CD55	6.563	7.499	6.991	6.099	2.372	3.576	1.605	1.247	7.389	8.527	5.682	7.449
CDH1	7.729	7.589	6.864	7.628	3.273	2.794	2.240	1.675	6.593	6.844	9.144	6.865
CDH10	8.508	8.280	5.477	8.159	3.742	2.789	1.296	2.937	7.024	7.615	6.228	8.253
CDH2	8.501	7.671	5.604	6.813	1.622	2.930	2.908	2.644	6.288	6.319	6.954	7.631
CDHR1	5.172	8.733	7.311	7.895	2.018	4.274	1.638	2.935	6.682	5.637	6.281	4.634
CDK4	4.848	6.317	6.190	7.118	2.585	4.124	3.132	2.938	6.289	5.319	5.914	5.940
CDK5RAP3	8.770	8.256	6.188	8.840	2.699	0.164	1.314	0.714	8.658	8.170	9.674	8.240
CDK8	6.638	7.362	6.110	5.333	4.543	1.593	4.323	5.121	6.038	7.667	6.165	5.156
CDKL1	6.078	7.436	5.447	5.755	3.023	3.490	2.460	3.277	6.363	5.722	4.549	6.536
CELSR1	6.015	5.333	6.666	7.235	2.701	1.848	2.230	3.036	8.093	7.533	6.975	4.719
CENPO	5.987	8.817	6.468	5.297	2.991	3.221	4.329	3.467	5.886	6.188	7.103	6.429
CEP135	7.451	8.699	9.095	8.608	1.102	1.452	3.073	0.526	6.799	6.328	7.270	8.207
CEP192	6.886	7.727	7.213	5.569	2.807	2.766	4.339	2.891	5.419	6.809	7.568	7.119
CEP76	8.839	8.137	7.159	5.697	1.095	3.352	2.636	3.238	5.904	6.002	7.907	8.471
CETP	9.858	8.259	9.301	7.954	1.709	1.916	2.693	1.057	9.177	9.218	9.867	6.318
CFHR1	7.686	6.762	6.942	6.401	3.147	1.769	2.772	1.713	6.578	8.826	6.232	8.921
CHIA	7.380	8.298	6.009	8.067	0.539	5.164	2.495	4.560	7.210	7.539	7.811	7.507
CHRM2	8.789	6.557	6.499	7.487	3.180	2.201	4.142	3.061	6.710	6.652	8.293	6.957
CHRNA7	6.875	9.203	9.235	7.053	2.850	1.486	0.804	2.426	8.154	6.787	8.083	8.561
CHST11	7.499	8.560	9.107	7.985	3.783	2.303	1.100	1.983	8.129	7.508	7.399	7.534
CHST15	6.390	5.999	7.381	8.059	2.732	1.079	2.243	0.093	8.013	9.357	7.810	8.344
CLBA1	8.976	7.601	8.010	6.101	0.539	2.141	3.826	2.800	7.841	6.071	7.606	6.509
CLCN1	6.247	7.406	7.205	7.525	3.006	3.547	2.849	2.692	7.530	7.757	6.786	6.931
CLCNKA	8.406	8.413	8.365	7.586	2.911	3.241	0.538	2.483	7.865	7.612	8.065	8.149
CLDN17	7.673	6.611	7.169	7.108	2.146	3.305	2.419	1.493	7.927	7.439	7.548	5.995
CLEC2D	7.992	7.521	7.535	9.700	1.643	2.567	1.650	2.196	8.080	8.283	7.323	8.109
CNN2	7.515	9.075	7.909	8.293	1.266	2.533	2.444	5.466	7.317	7.983	5.852	9.061
CNTFR	6.768	5.512	6.347	6.533	3.393	4.757	2.112	4.267	7.464	7.262	4.921	6.945
COL17A1	8.489	8.299	6.598	6.645	3.320	0.805	3.997	2.874	7.947	7.495	7.556	6.682
COL21A1	7.824	6.819	7.034	7.406	1.839	2.535	2.905	1.657	7.560	7.848	6.796	6.850
COL4A3	7.685	7.251	7.945	6.821	1.616	3.583	1.214	2.960	6.990	7.706	7.918	8.938
COL4A5	7.523	7.789	6.651	6.463	1.699	2.168	1.853	1.273	6.934	7.716	6.122	8.310
CORO1B	7.976	8.361	7.052	7.084	4.017	3.577	4.154	2.379	6.338	6.945	5.675	6.301
CPVL	7.380	8.305	8.275	6.514	3.788	0.365	2.977	3.105	8.292	8.887	6.560	5.976
CRADD	7.830	8.098	7.391	7.090	3.472	2.193	3.428	3.093	6.731	7.322	7.230	7.201
CRTAM	7.601	9.839	7.553	8.791	3.596	1.914	2.123	3.946	8.383	7.809	7.889	9.103
CRYBA1	7.684	6.553	8.172	5.018	2.358	2.830	3.064	1.403	6.259	7.820	6.366	8.972
CRYBB1	7.532	6.410	7.462	7.177	4.101	0.474	3.022	3.454	8.503	6.893	8.562	7.038
CSDC2	8.881	7.034	7.811	6.726	0.268	1.329	1.306	1.696	7.093	7.817	6.912	7.470
CSF2	8.087	8.633	7.252	6.548	2.244	-0.286	2.150	2.304	9.025	8.175	6.772	8.511
CSF2RB	8.421	8.528	7.037	7.078	2.896	1.952	2.278	3.530	7.100	6.994	7.313	7.178
CST2	7.148	7.541	7.894	7.291	2.718	4.228	1.088	2.513	6.395	6.422	8.078	7.247
CST5	5.966	5.886	9.013	6.301	1.776	1.387	2.622	3.354	6.616	8.734	6.127	6.235
CTNND1	6.394	6.700	6.109	9.835	1.542	3.437	2.310	3.034	5.663	6.714	8.424	9.447
CTRL	7.769	9.206	9.312	8.032	3.094	1.711	2.003	3.164	5.920	9.201	6.777	8.041
CUEDC1	7.716	7.697	7.701	6.438	2.331	2.936	3.571	3.092	7.349	7.602	6.835	5.429
CUX2	7.183	8.342	9.042	7.342	3.478	2.885	2.533	4.274	8.267	6.755	7.680	6.729
CXCL10	3.146	6.474	4.250	2.955	7.958	4.286	4.157	5.019	5.008	4.121	4.647	3.462
CXCL6	5.888	8.711	7.187	9.558	2.755	3.075	3.815	2.513	6.630	6.983	7.311	7.072
CYP11B2	6.456	6.726	8.339	8.902	3.892	5.292	2.731	2.121	7.372	5.508	6.655	6.845
CYP19A1	8.516	8.759	4.860	6.203	1.801	1.822	2.893	2.837	6.738	7.419	6.092	7.231
CYP2R1	7.109	9.910	7.341	7.725	1.509	1.827	0.726	1.500	5.768	8.280	7.102	9.859
CYP3A43	6.648	7.632	7.803	6.902	3.763	2.435	2.381	2.174	7.557	6.060	6.160	9.679
CYTH2	7.251	8.579	5.902	6.709	3.405	2.805	3.145	3.825	5.824	7.438	8.367	6.537
DAPP1	5.370	6.488	6.141	6.855	2.831	1.763	3.955	3.688	7.015	8.569	6.922	7.633
DAZL	8.176	7.104	8.050	7.805	2.847	1.751	2.475	3.171	6.664	7.180	7.337	9.314
DCP1A	8.266	8.593	8.247	6.968	2.312	3.328	1.142	3.522	8.115	7.274	8.255	7.766
DENND1A	6.944	8.117	6.605	6.280	3.671	2.451	2.553	0.929	7.906	7.761	7.885	8.375
DENND2D	8.137	9.781	6.872	5.969	2.631	1.096	1.771	3.736	6.580	7.076	6.543	8.290
DENND5B	8.300	6.625	8.355	8.688	3.114	2.347	2.245	2.906	7.946	10.143	6.364	7.703
DERA	8.509	7.337	6.654	7.295	2.004	4.827	1.772	2.987	7.202	9.410	7.923	6.302
DGKB	7.415	7.064	8.744	5.861	2.750	2.878	0.633	3.320	6.932	8.957	7.050	7.410
DKK1	6.320	8.359	8.114	4.950	2.129	1.950	4.734	3.207	6.134	8.089	5.929	6.962
DKK2	8.718	10.081	7.539	8.986	0.781	0.834	1.259	0.526	8.454	8.556	7.327	9.306
DLG5	6.334	8.252	6.391	6.923	3.046	2.913	3.472	1.726	7.190	6.961	6.614	7.805
DNAJB9	6.146	8.550	8.522	8.836	1.799	2.227	2.100	0.768	6.258	7.434	6.939	6.227
DNAJC1	7.245	6.505	7.829	7.397	2.755	2.267	1.747	3.594	6.343	7.151	9.601	6.992
DNAJC11	7.778	7.572	8.220	7.410	2.079	2.965	1.548	1.405	6.919	7.150	7.589	7.470
DNAJC8	8.623	6.362	8.957	9.311	3.399	2.024	1.345	1.928	6.284	8.638	6.841	8.233
DND1	6.904	7.563	5.576	7.591	5.053	2.052	0.693	3.570	6.944	6.855	5.363	5.531
DNMT3A	6.977	7.570	8.397	7.591	0.585	2.469	3.085	3.662	5.975	8.151	6.807	8.875
DOT1L	7.068	7.624	6.737	6.777	3.806	1.695	3.417	2.059	6.956	6.248	6.510	6.922
DPYS	7.859	6.019	4.870	6.037	3.705	3.744	4.199	2.848	5.826	4.653	5.818	4.976
DRD1	5.428	6.355	6.116	7.113	1.424	3.365	2.890	2.153	7.064	8.284	6.414	8.485
DSC1	7.721	6.705	7.437	7.871	2.405	1.911	1.919	2.696	6.197	6.933	5.831	4.851
DSG2	6.515	6.678	7.481	8.521	1.865	3.547	1.485	3.397	8.967	6.141	6.881	7.603
DUSP5	5.249	8.795	5.768	8.891	2.614	2.981	2.900	3.174	7.600	7.480	7.526	8.135
DUSP9	7.349	7.524	6.876	5.176	3.692	4.136	3.711	2.863	7.910	7.130	6.841	5.288
E2F1	7.435	8.958	7.588	8.625	1.684	2.378	2.980	1.860	8.189	9.091	9.116	9.347
EFCAB6	5.227	8.288	7.373	6.052	2.213	2.226	5.003	3.542	6.927	6.753	6.899	6.016
EHD4	5.718	8.007	5.310	7.077	2.346	4.908	3.125	4.007	5.204	6.988	6.261	5.918
EIF4E2	7.199	6.600	5.268	4.234	4.244	4.133	4.247	4.056	6.422	7.725	5.859	6.124
EIF5A	9.152	8.061	8.258	8.142	2.825	2.213	1.396	1.965	6.726	8.943	9.049	10.016
ELANE	5.710	9.687	6.439	8.138	1.967	2.314	3.172	2.818	6.635	6.389	7.438	8.501
ELF3	8.110	7.028	5.961	6.619	1.848	4.054	2.098	1.907	8.844	7.910	8.039	7.904
ELP3	6.928	6.582	6.811	7.725	1.836	2.987	2.727	2.577	9.892	10.512	5.959	7.557
EML3	7.625	9.328	8.837	8.240	2.184	3.417	-0.468	3.588	7.416	8.919	9.365	9.823
EMP2	7.279	7.210	6.219	7.156	1.026	3.318	2.731	3.201	7.002	8.024	7.499	7.333
ENC1	8.148	6.447	6.159	7.996	2.907	4.407	1.565	2.681	7.018	7.165	6.515	6.178
ENDOU	6.382	6.876	6.314	6.697	3.061	1.987	6.003	3.371	6.973	6.190	6.061	6.041
EPB41	7.756	7.856	7.799	5.977	1.656	1.292	2.257	4.189	6.795	7.132	9.190	8.120
EPHA7	7.919	7.079	6.711	6.526	3.405	2.156	1.902	2.606	6.322	7.527	8.263	8.634
ERAP2	7.130	6.950	6.640	7.000	3.781	2.515	1.426	3.438	7.337	7.031	7.344	6.232
ERCC2	5.824	8.544	4.718	7.454	2.818	2.381	3.682	5.240	7.261	5.227	6.222	4.418
ETV5	7.514	7.544	5.858	7.408	2.863	3.185	0.741	2.400	7.677	6.684	6.512	8.268
EVL	9.434	6.146	7.200	8.011	1.455	3.297	1.521	4.856	8.072	7.514	8.250	10.006
EVPL	4.985	7.957	6.302	6.873	0.930	1.860	4.061	3.623	6.390	6.244	7.667	7.280
EXOC2	7.719	7.471	8.067	7.897	2.420	1.719	2.466	1.371	7.634	7.310	7.486	7.434
EXOC6B	6.633	7.071	8.246	10.345	1.919	3.854	4.261	2.367	7.854	8.124	7.987	7.720
EXTL1	7.817	7.764	7.166	4.431	2.211	3.491	1.878	2.557	7.420	5.664	8.094	7.994
FA2H	5.926	7.464	5.554	9.252	2.887	1.912	2.942	1.646	7.158	6.754	7.536	7.069
FAH	7.405	6.577	6.300	6.564	3.558	3.945	1.512	2.765	7.851	7.206	8.274	7.392
FAM117A	8.786	7.235	7.887	6.958	3.407	2.928	1.605	1.118	7.236	9.580	7.072	7.463
FAM53B	8.580	8.243	9.511	7.483	0.832	1.388	1.569	1.385	8.896	8.136	8.493	7.184
FAM90A1	6.921	6.933	7.055	4.447	3.688	3.617	1.647	4.557	7.211	7.437	7.126	8.307
FARP2	5.951	5.432	7.038	6.833	3.062	2.122	4.488	4.080	7.269	7.113	5.439	7.001
FASTKD2	6.804	7.103	6.875	5.681	1.672	2.970	3.315	2.290	7.622	8.104	7.222	7.464
FBXL2	6.214	7.053	7.555	7.436	1.757	2.157	1.599	3.082	7.255	7.079	7.178	9.030
FCER1A	5.198	5.689	4.193	5.108	4.621	6.537	4.657	4.623	4.613	5.507	5.086	5.745
FGD2	6.068	6.779	5.413	5.461	4.915	3.992	2.599	4.466	5.402	5.604	7.230	4.531
FGF21	7.283	9.091	9.750	9.797	0.551	1.339	0.202	2.784	9.847	8.800	7.218	6.512
FGFR1	6.007	8.169	7.979	7.725	2.802	2.296	2.085	1.074	8.210	6.524	8.261	8.050
FIBP	6.167	4.639	4.824	6.119	5.376	3.405	3.890	2.468	5.476	5.098	4.580	4.317
FKBP11	9.732	7.634	6.808	9.645	2.076	2.522	2.809	3.679	8.607	7.602	7.863	5.830
FKBP9	4.689	6.974	6.512	8.466	2.197	3.788	3.274	3.694	6.948	6.898	6.568	6.853
FLCN	6.591	7.454	7.613	6.861	2.040	3.533	4.003	1.101	8.512	7.338	7.201	9.278
FLG	6.263	5.842	6.316	6.539	1.511	2.426	3.640	4.890	6.771	5.816	6.445	6.196
FLOT2	6.881	6.404	6.636	6.950	2.022	2.064	3.724	2.742	6.842	8.545	7.927	7.761
FMO3	6.410	7.358	9.767	8.967	2.187	1.225	1.747	3.326	7.357	6.938	7.922	7.771
FNBP1	7.684	6.928	7.599	8.535	2.970	1.573	3.210	2.406	5.933	9.361	7.066	8.216
FOLR3	5.403	7.618	6.774	7.848	2.965	0.148	3.918	3.100	5.949	6.615	6.394	7.801
FOXB1	9.681	7.794	8.839	9.771	2.861	2.072	1.870	1.972	8.332	8.275	7.738	7.423
FOXE3	6.985	6.900	8.075	8.513	-0.040	1.505	2.786	1.840	8.848	6.796	7.319	9.349
FOXN2	6.555	7.919	6.579	5.486	4.287	1.694	1.668	1.315	6.420	7.045	6.734	5.271
FRAS1	7.632	7.875	7.790	8.251	3.742	2.622	3.141	0.918	6.858	7.905	7.382	9.182
FRG1	6.498	6.205	6.812	7.318	2.186	3.902	2.211	4.233	6.707	8.151	6.978	7.136
FXYD7	7.527	5.878	6.748	7.816	1.640	1.125	3.692	3.297	9.727	7.966	7.345	7.827
FYB1	7.188	8.389	8.309	7.170	3.236	3.360	3.794	4.083	6.499	5.151	9.584	5.649
GABRA3	7.937	6.782	6.876	8.594	4.319	2.259	2.023	2.087	6.775	8.559	7.891	6.184
GALR3	8.182	8.493	7.232	8.693	3.529	1.445	0.459	1.623	9.032	9.662	8.005	10.070
GATAD1	7.415	6.908	6.099	6.859	2.235	2.397	3.988	2.422	7.215	6.560	6.557	8.448
GBE1	6.371	6.550	7.043	6.888	2.505	1.749	3.899	4.962	6.231	6.420	6.569	6.245
GCM1	7.636	6.519	4.684	5.156	3.019	3.066	3.933	3.275	6.098	7.841	5.763	7.012
GCSH	8.112	6.045	9.461	6.370	4.027	1.402	2.246	4.477	7.044	5.244	7.869	7.804
GFM1	6.539	8.368	7.207	9.423	1.615	0.355	2.132	2.389	8.820	6.688	6.863	7.665
GFOD2	7.386	7.170	6.060	6.100	3.169	4.902	1.808	0.781	6.239	6.888	7.042	5.826
GGTLC1	8.799	7.085	8.335	8.424	1.040	1.216	-0.579	1.879	9.222	8.982	7.507	10.206
GJA8	9.500	6.070	9.071	10.594	2.554	0.345	2.205	1.456	8.247	8.747	8.493	9.359
GLDC	8.156	5.797	8.444	7.846	1.130	2.887	1.507	1.976	6.135	7.017	8.806	7.013
GLE1	6.552	8.091	6.663	8.058	3.443	3.021	2.970	3.972	6.117	5.945	7.247	7.571
GLP2R	6.965	6.841	6.657	7.422	2.169	0.972	1.183	3.453	6.891	8.353	9.134	5.830
GML	6.366	5.508	7.772	6.966	2.387	1.890	2.206	2.141	8.087	8.325	8.256	8.100
GNL2	7.313	6.797	6.194	7.277	5.171	1.725	3.547	2.643	6.936	6.237	8.045	6.992
GOSR2	5.716	7.124	7.478	7.303	3.299	3.339	3.717	3.605	7.074	6.901	8.182	7.422
GPA33	9.622	8.639	7.502	7.176	2.080	-0.252	1.165	2.487	7.816	7.624	7.784	8.287
GPR171	8.893	9.069	9.223	9.799	4.406	2.226	1.466	2.295	8.996	8.302	7.984	7.926
GPR18	8.320	8.755	7.537	7.470	1.791	1.119	0.529	1.501	9.309	10.265	8.684	8.909
GPR25	6.818	7.641	8.058	8.375	1.099	0.805	0.370	1.858	7.612	7.468	8.551	7.797
GPX2	4.691	9.794	8.364	4.755	1.460	1.880	3.464	2.467	8.293	8.906	7.224	7.838
GRIA1	7.112	7.027	7.433	6.674	5.684	2.515	3.631	3.159	5.326	5.330	6.519	5.747
GRIK1	7.215	6.314	6.771	8.197	4.514	2.913	1.441	3.036	6.930	5.884	6.470	4.439
GRIK5	8.071	7.768	6.625	6.446	4.420	2.591	2.402	2.698	7.950	7.329	7.235	7.751
GRM1	7.171	7.044	7.000	8.679	2.180	1.950	4.340	2.250	7.983	6.750	7.418	9.294
GRM5	7.765	7.456	5.236	5.145	1.486	3.210	2.947	3.080	6.310	8.183	5.312	8.354
GRM7	6.626	7.452	7.720	6.060	2.906	1.806	2.317	1.800	7.702	6.926	7.174	6.412
GRPR	7.479	4.848	5.424	7.177	3.654	4.236	3.229	3.625	6.205	6.897	6.198	6.328
GTF2E1	7.644	6.918	5.996	8.286	2.017	0.628	5.298	2.099	9.731	8.556	8.394	7.455
GYPE	5.579	6.019	7.436	6.711	3.162	3.986	2.666	4.302	8.658	7.820	7.503	7.277
GZMK	6.535	7.225	6.207	4.787	3.887	2.430	4.123	3.719	7.389	6.854	5.658	7.682
HAND2	5.985	7.212	7.523	7.487	2.789	2.275	3.171	3.793	6.757	8.016	6.876	7.664
HARS2	5.484	6.259	8.938	8.501	2.764	2.412	2.374	3.134	6.932	7.557	6.255	5.822
HDAC9	9.224	8.388	6.344	8.696	3.469	2.319	1.800	4.360	7.057	7.595	10.095	6.032
HDLBP	6.513	7.913	8.200	7.679	1.370	1.338	2.764	2.343	8.780	7.301	9.136	5.300
HFE	6.408	6.384	8.350	6.741	4.525	2.531	4.419	1.825	6.257	6.636	4.156	5.853
HGSNAT	7.399	7.536	7.602	7.707	1.578	3.321	1.850	4.464	6.296	6.736	7.170	6.484
HIC1	7.845	7.598	7.902	7.373	1.897	2.152	1.589	1.099	9.024	10.129	8.722	9.972
HIC2	9.164	6.220	7.454	5.749	4.046	3.579	2.411	5.224	6.921	7.964	6.828	6.600
HIST1H3B	8.506	6.261	7.135	8.547	3.406	2.850	3.984	2.365	8.122	7.270	6.762	9.194
HMOX1	6.761	5.812	4.070	5.549	4.005	5.134	4.967	5.661	3.584	5.876	4.415	6.287
HNF1B	7.455	9.121	8.962	6.457	2.072	2.128	2.580	1.804	5.659	8.444	9.476	7.466
HNRNPA1	7.516	8.058	7.593	10.299	3.646	1.285	1.389	0.956	8.828	8.968	8.608	9.509
HOXA10	8.239	8.885	7.710	7.443	2.088	-0.339	2.774	1.667	8.362	7.405	6.550	8.844
HOXD12	6.409	7.512	8.322	8.779	0.544	1.975	1.766	3.609	7.453	7.808	8.123	7.958
HPS4	7.318	7.102	5.448	6.749	4.286	4.100	4.242	3.972	7.872	6.898	7.849	7.517
HRK	8.254	7.618	7.215	8.244	2.484	1.250	3.548	-0.034	6.859	6.238	8.483	7.353
HS3ST3B1	6.925	6.726	6.930	7.448	2.705	2.741	2.236	1.693	7.967	7.091	6.314	6.748
HSD11B1	6.412	8.214	7.654	7.779	2.959	3.599	1.629	2.819	9.040	7.540	5.944	7.833
HSD17B1	8.114	7.093	7.540	7.352	2.719	3.510	2.970	1.078	7.055	6.433	9.915	8.923
HTR2B	8.364	6.739	8.017	8.008	3.730	2.100	2.643	3.736	8.283	7.546	7.046	7.030
HTR2C	8.006	8.920	7.907	9.973	2.319	2.880	1.051	1.800	8.804	6.829	6.549	6.973
HTR3A	9.016	8.035	6.601	8.407	1.119	0.711	1.351	1.596	6.967	8.966	9.697	9.320
ICAM3	8.935	9.070	9.035	10.172	0.171	-1.182	3.733	0.393	8.469	8.400	9.411	8.649
IER2	7.490	6.174	8.729	8.389	1.162	1.118	1.803	1.196	7.450	7.435	9.784	7.684
IFI6	6.423	7.137	7.547	8.071	3.516	2.663	0.951	1.755	7.097	6.975	8.717	7.067
IFNB1	9.548	7.045	8.189	8.993	1.200	3.304	0.832	2.909	8.956	5.638	9.455	7.047
IFNG	9.201	12.541	10.342	9.046	1.563	0.167	-0.079	0.711	10.517	11.127	10.202	10.556
IGLL1	7.919	5.697	5.048	6.176	2.064	2.073	4.009	4.258	6.179	6.339	5.717	5.963
IL13RA2	6.890	6.640	7.892	6.163	4.292	3.285	3.775	2.903	9.089	7.607	7.189	7.671
IL17RA	7.185	8.694	6.162	8.060	1.963	2.915	0.999	2.689	8.266	10.182	6.915	7.993
IL1RL1	8.653	8.032	6.229	7.919	1.713	2.078	2.553	2.157	6.726	8.814	8.011	6.092
IL2	7.836	7.357	7.372	8.316	1.734	3.684	0.780	3.171	8.184	7.955	7.153	6.763
IL20RB	8.452	8.410	8.294	8.799	1.193	1.356	0.939	0.282	9.074	9.532	9.166	6.406
IL21	7.240	7.415	9.176	8.511	3.533	2.528	3.350	2.516	7.623	9.046	7.519	8.362
IL26	8.580	8.606	7.619	8.753	0.787	2.752	0.991	1.951	8.480	7.248	7.410	7.851
IL3RA	8.484	8.530	9.106	10.138	1.534	2.068	2.888	1.493	7.494	7.563	7.726	8.467
INHBC	5.009	6.214	5.759	6.380	2.528	3.352	3.418	1.722	7.325	5.034	5.830	7.964
INPP4A	7.578	8.353	7.173	6.428	2.863	4.226	1.916	1.317	7.032	8.805	10.480	8.465
INSL5	7.786	7.405	8.013	5.952	2.870	2.204	2.693	1.677	6.605	5.476	8.349	7.852
ISCU	7.503	6.465	8.142	6.758	2.652	2.075	3.158	2.231	6.983	7.075	8.800	8.153
ITGAE	7.395	7.585	6.459	7.920	3.005	2.493	2.038	5.207	7.250	7.751	6.989	7.531
KCNAB1	6.506	8.101	8.661	5.791	2.118	2.405	2.901	1.720	7.152	8.496	7.358	6.240
KCNJ10	7.389	7.384	7.594	6.088	1.913	2.297	2.246	2.235	7.970	8.480	5.880	8.014
KCNJ16	6.795	6.259	4.841	8.894	1.654	2.491	1.820	2.356	9.017	7.129	7.943	8.135
KCNJ5	6.264	5.739	7.482	7.351	2.017	3.624	3.851	3.359	7.235	7.811	6.389	6.713
KCNN1	7.680	8.754	6.715	6.395	3.684	2.105	1.746	2.536	8.627	8.318	5.060	8.140
KCNQ2	7.831	7.272	6.593	4.992	3.618	2.810	3.110	4.729	8.300	6.720	7.262	6.499
KCNQ4	7.846	5.584	7.408	7.058	0.225	1.778	2.546	2.219	6.632	7.335	6.227	7.134
KCTD17	7.732	7.466	7.308	6.476	3.496	3.459	3.166	1.596	7.597	7.521	8.831	8.404
KDM4C	6.893	8.152	7.936	6.720	3.672	0.245	2.511	3.693	7.928	8.299	7.689	6.028
KDM5D	6.196	6.963	8.266	7.663	2.285	3.995	2.378	2.544	6.719	6.768	5.865	9.225
KEL	7.931	9.117	7.114	9.021	2.467	0.774	3.735	2.191	6.691	7.318	7.721	5.880
KIAA0556	6.962	8.051	6.860	7.823	1.593	4.882	3.081	4.467	7.314	8.915	5.668	6.638
KIF5A	6.992	8.532	8.219	7.609	4.564	2.570	3.145	1.537	7.066	6.849	6.963	5.236
KIR2DL4	11.542	8.603	9.677	9.045	0.453	2.221	1.169	2.269	10.266	9.790	9.321	8.009
KIT	5.881	7.752	6.248	7.884	4.852	2.242	3.221	2.601	9.715	7.523	5.270	5.934
KLF7	5.829	7.262	8.118	6.843	3.441	1.015	2.930	3.613	7.422	6.599	8.208	7.229
KLK12	7.179	8.029	7.612	6.515	2.978	4.500	1.642	3.253	6.551	8.588	6.976	6.865
KLRC3	8.582	8.125	9.263	8.529	3.334	2.238	1.446	0.700	8.154	6.001	9.328	8.096
KRAS	6.795	6.886	6.408	6.762	2.976	2.517	2.135	3.060	6.320	7.305	6.591	6.652
KRT4	8.156	8.170	10.021	8.442	-0.070	2.992	3.358	1.229	7.484	8.110	10.399	8.137
KSR1	7.857	8.229	5.158	7.354	1.558	3.154	3.430	1.674	7.667	6.753	7.577	7.420
LBH	6.448	6.942	7.670	6.439	2.618	0.943	1.446	3.463	8.778	8.485	7.294	9.341
LCE2B	7.285	7.828	7.252	7.873	4.426	3.447	2.762	1.250	7.116	6.774	8.675	6.563
LDAH	9.535	7.027	8.114	8.704	4.256	2.449	2.184	3.277	8.692	8.113	7.029	8.237
LDLRAP1	8.002	8.861	7.558	8.504	2.771	1.844	4.979	0.893	9.073	7.024	9.550	8.961
LGI1	6.529	8.145	6.171	6.364	4.996	2.620	3.544	4.204	6.733	7.131	6.083	5.445
LHX5	7.477	6.971	7.572	7.171	2.208	2.426	1.799	3.480	7.177	7.840	6.145	8.215
LIG3	6.870	9.046	6.681	8.767	2.294	1.157	1.603	3.432	5.816	8.310	7.658	7.403
LILRA2	9.185	4.008	6.306	4.507	2.516	2.349	2.979	2.385	7.696	6.851	6.421	7.867
LILRA5	5.855	6.756	6.262	6.728	4.622	4.250	4.650	5.273	7.719	6.742	6.384	6.836
LILRB4	8.989	8.221	6.019	7.854	1.536	2.824	1.550	1.804	8.691	7.148	7.516	7.361
LIM2	6.734	8.612	6.850	6.794	2.611	2.495	4.784	2.051	9.240	7.421	9.068	7.775
LIMK1	8.881	8.670	6.855	7.949	3.095	1.528	2.553	-0.199	8.703	9.927	6.703	9.349
LNPEP	6.825	8.817	7.598	8.236	2.847	1.207	1.241	1.264	9.139	7.799	8.062	6.486
LONRF3	7.581	7.668	7.166	6.238	1.059	1.328	1.695	2.080	7.483	7.388	8.127	8.015
LPGAT1	6.751	6.227	7.553	7.960	4.348	2.418	4.245	2.114	7.200	4.628	6.519	7.036
LRIF1	6.978	7.239	7.724	7.689	4.084	1.966	4.551	3.333	6.821	8.469	8.836	6.907
LRP1B	7.646	7.174	6.074	7.484	2.091	3.413	3.609	3.984	5.950	8.321	7.635	7.354
LRRC6	7.324	7.367	7.592	7.404	2.046	2.176	2.072	1.313	6.241	6.909	7.781	7.143
LRRC8E	7.229	6.904	6.369	8.079	2.412	2.141	4.792	3.694	7.640	8.704	7.070	7.160
LTN1	6.530	6.527	7.947	6.847	2.228	2.004	2.671	3.191	5.815	7.227	7.206	7.607
LUZP2	7.053	5.716	9.630	6.992	2.814	2.238	4.286	3.441	6.133	7.235	7.074	8.909
LUZP4	7.835	6.671	10.136	7.554	1.614	1.856	1.579	2.316	8.457	9.059	9.800	7.668
LYPD1	8.861	8.861	6.651	9.045	1.407	1.094	0.780	2.011	7.306	7.403	6.894	9.721
M6PR	6.365	6.390	6.725	6.890	3.804	3.215	2.593	1.519	5.155	8.176	7.562	7.512
MAB21L1	7.174	6.167	7.297	6.466	4.249	2.008	4.602	1.457	7.435	7.179	6.277	8.390
MACROD1	5.651	6.663	5.336	7.295	3.920	3.228	4.325	2.864	7.044	8.217	7.364	7.330
MAGEA4	10.212	9.411	10.256	8.096	3.015	1.362	2.156	2.077	8.783	9.377	7.628	9.188
MAGEA8	7.311	7.728	6.896	7.443	3.339	4.012	3.266	3.396	7.248	6.785	7.519	8.277
MAP3K7	7.989	7.178	5.676	9.401	1.999	3.291	2.686	3.825	9.666	6.515	7.983	7.653
MAP4K1	6.339	8.787	7.915	7.349	1.946	2.688	3.667	2.222	8.852	5.698	6.127	5.705
MAU2	6.957	6.980	7.535	6.226	1.619	2.272	3.076	4.879	5.593	5.787	8.356	7.496
MBD2	8.242	8.399	6.971	9.078	2.638	2.545	4.709	1.671	7.815	9.419	8.863	8.034
MBNL2	7.851	7.690	7.748	5.355	2.744	1.488	2.258	2.541	7.873	6.499	8.294	6.264
MC3R	7.475	8.689	4.476	6.786	2.761	2.418	3.749	1.828	8.817	8.517	7.910	8.740
MC4R	7.746	6.441	8.251	7.830	2.388	2.611	2.261	1.658	8.505	7.929	6.040	7.064
MCF2	7.239	8.572	7.271	8.464	3.260	4.133	2.026	1.829	7.108	8.494	5.404	6.619
MCMBP	8.137	7.189	7.337	6.553	2.221	2.305	1.961	3.357	5.783	6.558	7.520	8.223
MDK	9.147	7.249	8.271	7.784	4.155	3.209	2.321	2.130	7.342	7.191	6.712	6.665
MED22	7.234	7.446	8.596	6.374	2.550	2.770	2.523	2.094	7.520	6.669	7.864	7.007
MEGF9	6.316	5.882	8.210	6.758	1.794	2.612	1.742	2.858	6.005	6.121	5.829	6.037
MEOX1	7.500	6.594	8.251	6.328	3.879	4.078	2.096	3.047	6.150	8.213	7.237	5.592
MEP1A	7.930	7.185	6.854	7.731	0.755	2.324	2.708	2.499	7.266	8.157	6.844	6.191
MEPE	6.883	6.035	7.000	8.233	6.153	2.747	2.883	2.473	7.306	4.949	9.763	8.117
MEST	7.872	7.666	7.031	6.580	1.281	1.363	3.182	2.607	7.015	6.728	5.629	7.207
MFAP3L	7.525	6.458	6.748	6.644	1.676	2.743	2.455	3.407	4.951	6.243	5.487	6.793
MICAL3	8.840	7.924	7.070	7.131	1.581	2.808	2.001	2.423	8.257	7.455	6.437	9.282
MINDY1	6.770	7.318	7.469	6.774	2.433	2.326	2.236	2.667	5.396	5.583	5.453	6.116
MIPEP	7.156	8.255	7.514	7.197	2.653	2.885	2.760	2.414	6.512	8.547	6.328	5.826
MMACHC	7.189	6.950	6.850	6.373	1.835	3.498	1.395	2.967	6.420	6.748	6.406	7.216
MMP15	5.437	6.206	8.252	6.394	3.649	4.086	3.547	2.083	8.416	6.812	7.771	9.889
MMP17	7.472	6.786	7.608	4.487	2.854	3.150	4.265	3.469	7.100	8.079	8.694	7.310
MMP25	6.606	7.431	8.364	8.159	2.124	2.765	0.416	1.323	8.395	6.825	10.506	9.673
MOXD1	5.711	6.480	5.565	5.856	4.394	4.648	1.188	5.133	7.422	5.517	9.589	6.400
MPDZ	7.543	6.207	6.609	7.073	2.651	3.443	4.417	3.505	8.627	6.374	8.224	6.705
MR1	8.884	7.655	8.715	6.892	1.658	1.512	2.178	2.453	6.901	8.734	6.404	8.229
MRPL46	5.920	9.935	7.911	9.202	2.096	2.251	3.103	2.282	8.117	7.535	7.439	7.773
MS4A2	6.512	8.466	6.484	6.181	3.382	1.648	2.652	3.130	5.883	5.847	6.971	7.388
MTCH1	6.898	8.488	8.605	6.685	2.534	1.597	2.648	4.975	4.941	4.343	5.497	4.981
MXD3	9.335	7.091	6.351	7.497	2.079	2.259	2.035	2.520	7.047	6.162	8.096	7.583
MYBL2	7.408	7.032	7.851	7.220	0.287	1.709	0.590	3.259	7.330	7.428	8.566	6.541
MYH7	6.886	7.785	6.463	7.800	1.570	0.069	4.068	1.023	7.119	8.568	7.691	8.456
MYL10	8.472	8.653	6.937	7.986	2.285	1.878	2.698	1.495	6.441	7.809	8.488	6.741
MYL3	7.897	6.870	7.665	6.937	4.917	1.298	3.438	2.944	6.979	7.611	6.831	4.376
MYO1A	9.526	9.018	8.678	7.110	2.529	2.910	1.348	2.145	7.354	6.054	7.844	8.454
MYO1D	8.728	8.198	7.796	7.349	1.764	1.746	3.570	2.613	6.517	7.636	7.413	6.774
MYO7A	8.449	7.699	7.938	9.129	1.211	2.280	2.976	2.450	8.026	7.446	6.004	8.730
MYOZ2	6.124	7.388	7.042	9.282	3.429	3.478	3.780	2.476	7.267	8.241	9.850	8.169
N4BP2L2	6.661	6.655	8.616	8.506	2.060	1.532	1.604	1.794	9.283	9.222	9.338	7.905
NDNF	6.217	6.190	7.025	7.017	3.537	4.247	2.946	2.011	8.118	5.988	6.427	7.124
NDST2	7.129	7.099	6.822	7.628	2.109	0.712	1.371	1.696	7.941	7.268	5.997	9.722
NDUFB10	8.104	7.051	6.447	6.976	1.761	3.093	2.684	2.942	6.287	7.681	9.033	5.783
NDUFB7	8.665	7.564	7.350	6.599	4.240	3.551	2.630	4.008	7.700	6.230	6.867	6.406
NECTIN3	5.839	9.124	6.900	6.045	4.428	2.307	3.144	3.918	8.753	7.908	7.576	7.239
NELL1	7.366	5.660	6.740	7.162	3.163	4.226	2.455	2.083	6.520	7.616	7.289	7.367
NELL2	5.024	8.204	7.036	6.877	2.850	2.734	2.107	2.075	6.005	6.457	7.421	7.118
NES	6.345	6.885	8.024	8.132	1.235	1.786	2.742	4.087	8.391	7.480	6.820	7.536
NEUROD2	8.644	8.810	7.137	8.212	3.249	2.358	1.297	3.292	8.023	5.602	7.810	10.743
NFE2L1	7.652	7.141	6.841	8.370	2.280	0.929	2.851	1.515	6.531	7.441	7.220	8.549
NFKB1	7.499	8.416	9.712	9.104	1.893	1.909	2.069	2.105	7.431	8.525	8.236	8.247
NFS1	7.138	4.553	5.208	5.299	4.425	6.440	4.315	3.788	4.724	4.703	6.199	4.754
NHLH1	8.108	9.127	8.470	6.974	0.573	3.751	4.111	2.668	7.758	7.379	6.732	7.492
NINL	7.220	6.811	8.881	7.029	2.926	3.716	2.719	4.791	8.171	7.479	8.088	7.570
NIPAL2	7.304	8.030	8.531	6.576	5.057	3.917	2.393	1.577	6.607	8.829	6.420	7.536
NIPBL	7.866	8.004	6.221	8.141	3.161	6.590	4.466	3.035	7.360	6.917	6.210	7.184
NLRP3	5.426	5.768	6.040	9.568	3.504	2.848	2.575	3.180	5.810	6.943	5.884	8.911
NONO	8.884	9.795	7.671	6.619	1.834	3.023	4.692	2.416	7.240	7.392	6.898	7.000
NOS1	6.762	6.598	8.026	10.844	0.976	2.055	2.125	4.778	8.689	6.941	6.599	7.684
NPC1	7.137	6.343	4.161	6.876	2.335	3.387	3.145	3.544	6.014	5.206	8.084	5.280
NPHS2	6.945	7.741	6.747	6.356	3.421	3.483	3.129	2.571	7.318	6.892	7.514	6.493
NR0B2	6.565	8.065	9.468	9.261	3.462	3.678	2.136	2.397	5.909	7.736	6.614	9.384
NRAP	7.925	7.609	7.496	8.364	2.307	1.535	0.483	0.864	7.510	6.887	7.446	7.546
NRIP2	9.059	8.409	7.120	7.962	2.666	2.194	2.993	4.062	6.461	8.022	8.013	7.401
NUDT9	4.886	6.614	6.360	7.248	5.023	3.053	3.291	2.694	7.756	5.947	6.983	4.103
NUMA1	6.713	6.824	5.518	6.606	1.579	3.016	4.195	4.095	5.442	5.041	6.936	6.183
NUP160	8.910	8.373	6.780	7.423	2.928	3.353	3.822	3.208	7.459	6.550	7.384	8.356
ODF1	6.484	7.719	7.708	7.813	3.695	3.388	0.807	0.661	8.803	5.707	7.953	6.689
OPLAH	7.451	6.230	6.754	5.887	3.195	2.337	2.449	4.155	6.788	6.308	7.479	6.861
OR10H1	8.295	6.315	7.420	8.058	3.146	1.054	2.942	2.259	5.744	6.996	7.944	7.114
OR7E24	6.536	8.426	8.689	8.264	0.032	1.130	2.120	1.520	7.423	7.431	8.998	8.182
ORAI2	6.927	6.832	8.351	7.315	2.239	2.563	2.291	2.445	8.980	7.964	7.904	6.460
OSMR	7.333	8.922	6.511	8.561	2.996	2.508	1.916	3.319	8.895	7.888	8.503	5.964
OTUD3	6.558	6.432	8.735	6.983	2.477	3.245	2.402	2.857	8.693	8.811	6.248	8.466
P2RX3	7.745	8.440	8.368	7.277	3.247	2.485	1.934	3.059	7.843	5.550	7.788	7.096
P2RX5	8.524	8.412	7.872	9.970	3.161	2.215	1.366	1.656	10.159	8.326	6.905	9.517
P2RY14	6.839	7.473	9.404	7.208	1.878	2.746	1.621	1.525	7.534	7.007	7.707	6.331
PAMR1	5.245	7.219	7.703	6.466	3.290	2.646	3.006	3.167	7.427	7.106	8.947	6.246
PAPOLG	7.583	8.870	6.994	6.014	3.653	3.679	3.047	0.950	7.500	7.176	7.652	8.280
PARG	7.196	6.904	6.498	5.603	2.150	2.194	4.041	1.951	6.676	7.204	9.732	5.862
PARP11	8.766	8.139	8.124	8.091	2.610	1.275	2.159	1.556	8.187	6.578	7.446	8.277
PARP8	7.245	7.427	6.745	8.249	0.908	2.349	0.349	1.660	7.154	9.743	8.969	8.491
PCBP2	7.290	9.131	6.977	6.180	1.991	2.445	1.892	1.352	8.648	8.196	9.635	6.950
PCK1	8.855	8.769	7.059	6.547	2.961	2.149	2.347	2.358	5.551	5.317	6.251	6.725
PDE6H	8.616	7.599	8.850	9.790	2.018	2.983	2.480	1.668	8.046	8.374	10.239	9.040
PDX1	8.460	6.215	8.525	5.984	2.996	2.426	1.962	3.201	9.351	8.030	5.764	6.753
PEX12	7.820	9.526	8.243	8.470	2.684	3.613	1.259	2.420	8.946	6.750	7.758	6.433
PEX6	6.673	6.450	9.970	8.765	2.853	2.539	1.194	1.440	8.328	8.568	7.241	6.175
PF4	8.555	6.232	8.575	8.323	0.082	4.635	3.254	3.199	7.063	7.436	7.287	7.232
PGC	5.043	5.812	6.221	7.212	4.138	2.885	2.645	3.934	5.986	5.254	6.401	7.654
PGGHG	8.561	8.224	5.952	7.646	2.747	1.203	1.309	3.423	9.338	8.866	7.692	8.005
PHF7	9.190	8.085	7.662	6.995	1.962	3.461	2.882	3.052	6.705	6.527	6.825	9.652
PHOX2B	7.520	6.280	7.987	8.780	1.617	0.406	2.858	4.523	5.459	7.498	8.513	7.114
PIGC	6.313	6.531	6.440	8.072	3.703	1.172	2.759	3.984	7.155	7.036	7.255	4.730
PIGQ	8.321	7.681	5.812	4.036	3.628	2.203	3.935	6.195	6.264	6.397	5.529	7.227
PIP4K2A	7.867	8.590	10.019	7.503	1.583	0.566	2.637	2.346	9.420	8.710	8.812	8.671
PITX2	8.725	6.862	8.491	7.262	2.427	3.429	2.412	1.733	6.831	8.708	7.135	8.149
PIWIL2	6.799	7.284	4.403	4.934	3.754	3.479	3.546	2.008	7.650	6.637	7.920	6.336
PLBD1	7.257	6.356	6.250	8.407	2.162	0.511	3.437	2.566	8.239	6.435	7.844	6.426
PLCL2	5.090	7.222	7.619	5.773	4.673	2.580	2.188	4.501	8.436	5.905	6.535	7.733
PNRC1	8.189	6.139	6.765	6.677	3.185	2.467	2.215	2.939	7.475	6.457	6.367	7.471
POLI	7.564	7.911	3.727	6.666	4.348	0.919	2.762	2.729	5.431	7.553	6.635	6.364
POLQ	7.337	8.574	10.310	6.953	2.112	2.306	3.921	3.431	6.762	7.944	7.249	7.506
POLR2C	10.324	8.770	7.348	7.553	2.584	1.976	2.018	2.782	7.344	9.101	7.611	5.726
POLR2J2	8.222	5.867	5.437	8.398	4.588	2.713	3.086	2.966	7.673	7.603	7.237	7.317
POLR3G	8.968	9.594	7.854	6.654	2.346	1.836	2.345	2.838	6.796	7.941	8.190	5.943
PON2	8.829	6.310	7.071	6.371	3.196	1.906	0.322	3.975	8.571	7.775	9.407	8.141
POU3F4	9.267	7.539	8.118	8.013	2.669	1.663	0.523	2.130	6.340	7.473	8.024	6.705
POU6F1	6.941	7.049	7.191	6.539	3.008	2.447	2.747	1.736	7.413	9.540	7.110	7.453
PPP1CB	6.349	7.344	7.942	5.929	3.071	3.850	2.405	2.912	6.844	5.661	6.492	5.790
PPP3CB	7.042	8.719	7.326	7.337	2.926	2.921	0.761	2.042	6.648	8.151	8.580	10.477
PPP4R2	8.599	7.092	7.488	8.538	2.482	3.139	2.651	2.218	9.524	7.616	6.547	6.344
PRAME	7.496	9.773	7.530	8.598	2.174	3.362	3.182	1.394	8.828	7.221	6.887	6.244
PRDM13	8.378	7.330	8.322	8.790	2.131	1.835	1.347	1.237	7.975	8.819	6.403	7.285
PRDM8	7.450	7.338	8.947	7.966	3.354	3.292	2.194	3.048	8.358	8.850	6.363	5.201
PRKACG	9.023	8.806	8.558	8.248	1.541	2.181	2.695	4.910	8.088	7.741	6.924	8.185
PRKCG	8.617	9.234	6.804	6.905	2.950	2.078	0.292	1.480	8.807	8.897	9.017	6.504
PRKCH	6.730	8.592	8.628	7.435	0.572	2.791	2.025	1.244	8.246	8.932	7.249	7.959
PRKD3	8.746	7.823	5.619	6.389	2.745	2.016	3.026	2.150	6.213	7.774	7.771	7.569
PRPS2	8.315	7.226	7.013	8.855	1.366	0.657	0.217	1.316	6.740	7.298	9.456	7.787
PRR13	7.800	8.588	7.862	9.113	1.390	1.783	0.501	2.981	8.406	7.690	8.484	7.854
PRR14L	7.865	6.968	8.663	6.767	3.459	2.341	2.519	3.482	6.021	6.312	6.493	7.283
PRSS1	8.406	7.878	6.654	8.531	1.530	3.023	0.805	3.198	7.140	7.847	6.894	9.034
PSD4	7.772	8.256	7.267	8.639	2.085	1.931	4.343	2.168	6.685	7.571	6.983	6.043
PSORS1C2	6.700	5.280	6.911	6.538	2.124	2.846	1.572	2.775	7.734	8.733	9.406	7.626
PTPN11	7.100	8.662	7.812	7.510	1.850	3.209	1.433	3.154	6.376	7.997	6.953	6.970
PTPRR	7.507	8.626	9.488	7.075	2.925	2.637	2.976	3.064	6.621	6.752	8.297	7.691
PTTG2	7.273	8.290	6.601	7.953	3.706	1.148	1.566	2.237	8.689	8.150	7.453	8.337
PYGO2	9.406	7.630	9.611	9.497	0.880	1.544	1.501	1.698	9.859	8.425	7.794	8.030
RAB11A	7.958	5.828	8.088	7.401	3.146	3.753	2.503	3.003	8.151	6.471	6.018	9.715
RAB27A	8.216	9.378	8.683	10.109	0.688	1.246	1.108	2.954	10.807	8.262	8.397	10.146
RAB2A	6.792	6.847	5.805	7.329	3.141	3.824	3.075	2.624	6.827	7.429	5.630	6.464
RAB38	8.219	7.339	6.735	6.692	1.794	4.376	3.971	4.110	5.864	6.867	7.925	8.972
RABGAP1L	7.337	6.859	7.743	7.383	3.105	3.198	3.249	2.008	9.311	5.955	7.568	6.753
RAD17	8.376	7.384	7.082	8.692	2.354	1.671	3.919	2.066	7.716	5.774	8.278	6.640
RAMP3	8.840	7.370	8.303	7.399	3.078	2.023	3.078	2.700	7.916	8.907	7.582	7.733
RAPGEF3	7.155	6.611	7.096	8.763	2.165	4.081	2.212	2.039	7.181	7.494	6.734	6.619
RARA	8.604	7.064	5.353	7.750	4.509	2.231	3.107	3.295	6.240	6.110	7.396	7.669
RASAL2	8.190	7.267	6.919	6.756	3.249	3.718	3.023	2.407	6.726	5.618	5.520	6.532
RASGRP1	7.895	8.222	8.563	9.713	-0.529	1.717	3.226	0.500	8.175	7.796	8.992	9.630
RB1	6.090	8.450	7.462	8.020	3.064	3.379	3.915	2.808	7.964	9.864	6.311	5.666
RBFOX2	8.291	7.803	9.289	7.745	2.681	2.802	2.626	1.752	7.000	6.590	6.768	6.072
RBMS3	5.741	6.916	9.230	6.098	1.608	2.838	2.859	4.136	7.039	7.090	7.489	7.093
REG1B	6.510	6.729	6.650	7.103	4.043	3.960	2.606	1.767	7.671	8.023	6.719	6.441
RFX3	6.014	8.921	7.542	6.970	2.470	2.165	2.432	0.467	8.252	8.721	7.788	7.232
RFXAP	9.798	8.855	8.843	7.042	2.087	2.028	1.844	2.006	8.104	7.105	7.631	7.693
RHBDL1	8.605	7.331	7.661	6.880	3.857	3.057	2.562	2.903	7.251	7.682	7.476	7.822
RHD	7.668	6.230	6.893	8.925	2.862	1.214	3.753	2.732	6.155	4.984	6.917	8.346
RHOF	7.474	7.312	7.072	9.991	1.762	4.526	2.969	3.416	6.685	6.757	7.978	6.946
RIC8A	8.859	6.157	6.067	5.446	1.821	2.934	0.832	1.143	8.020	8.036	8.140	7.297
RIMS2	7.045	8.810	6.737	7.025	4.043	3.740	2.182	3.102	7.922	5.249	7.647	6.501
RNASET2	9.394	8.600	6.648	9.363	1.497	0.666	1.764	0.918	8.045	6.963	7.498	7.768
RNF139	8.891	7.128	7.881	8.040	2.627	1.527	1.491	3.189	6.494	7.309	8.238	8.468
RNF186	4.011	7.529	8.054	6.922	2.370	1.041	2.570	2.060	7.591	7.347	7.694	6.198
RNF187	7.227	8.011	6.066	8.051	2.854	3.486	3.537	3.026	8.084	6.473	8.644	6.805
RNF19A	7.288	7.750	9.549	8.939	1.828	0.993	1.930	1.435	7.209	8.381	8.681	8.039
RORA	8.649	7.028	8.654	8.796	3.210	3.551	2.046	2.788	7.474	7.714	7.520	5.333
RPL23A	5.535	9.435	8.074	8.729	0.792	1.517	3.363	-0.076	8.224	9.084	9.062	7.925
RPS6KA6	7.503	7.248	8.288	6.783	1.949	3.459	2.316	4.128	10.487	6.295	8.487	8.055
RRP7A	6.257	6.896	8.234	6.600	3.744	3.213	2.360	2.631	7.385	6.278	8.778	9.736
RUNX1T1	7.531	8.232	8.861	6.417	2.182	2.401	2.962	2.565	7.108	7.217	7.536	7.514
RXFP3	7.246	6.722	8.057	6.441	2.460	3.104	3.279	1.750	6.208	6.503	5.922	8.457
SALL1	5.344	7.433	7.058	5.068	2.245	3.446	2.103	2.693	6.283	6.964	6.513	5.896
SCIN	7.735	7.327	7.687	6.839	2.796	1.368	1.651	1.198	7.083	6.543	6.853	7.970
SCN5A	5.808	6.814	6.569	7.178	1.568	3.826	3.317	3.371	5.542	4.215	5.333	6.572
SEC63	6.174	6.528	9.592	6.911	3.242	4.414	2.420	3.159	7.744	8.541	7.030	7.870
SEMA4A	5.766	7.999	9.392	9.590	2.299	2.447	2.340	1.212	9.593	7.954	9.451	8.685
SERPINA1	7.741	6.240	9.492	7.341	0.568	2.626	2.782	-0.193	7.525	8.448	7.887	7.994
SERPINB8	5.169	5.261	6.222	5.405	4.763	2.593	4.671	2.547	5.998	4.462	5.522	7.034
SERPINI2	9.026	7.675	5.351	8.335	2.946	1.668	3.964	1.511	7.827	6.048	6.556	8.088
SETD4	5.801	6.733	7.102	4.368	3.461	3.261	2.068	2.420	5.281	6.157	7.817	6.997
SETX	7.554	6.557	8.536	7.127	2.294	2.999	2.005	2.141	7.719	6.836	7.961	7.570
SFMBT1	6.427	7.573	5.330	8.593	2.269	0.800	2.208	2.050	8.271	7.242	7.682	8.590
SH3BP1	7.894	7.222	6.760	7.302	1.819	2.103	0.702	2.756	7.601	7.197	7.741	7.281
SH3GL2	6.618	7.221	6.684	6.958	2.270	1.549	2.815	4.197	5.844	7.242	6.163	7.690
SH3PXD2A	8.238	6.288	7.088	9.418	1.862	2.048	1.279	2.250	9.272	8.626	9.260	5.782
SHMT2	7.161	6.469	8.719	7.594	3.440	3.941	2.711	1.939	4.194	8.176	7.717	7.683
SI	6.256	7.128	8.829	6.438	2.283	3.530	2.962	3.952	6.974	7.783	6.594	8.233
SIPA1L1	5.887	7.097	8.217	7.474	2.591	3.924	3.845	2.199	6.504	6.288	4.779	7.298
SIPA1L3	7.223	6.110	7.767	7.797	4.031	2.022	3.363	1.728	4.782	9.587	6.820	6.510
SIX1	6.269	6.937	7.173	7.199	2.538	1.268	1.699	2.402	6.187	8.034	6.636	5.823
SKIV2L	8.587	8.063	7.464	8.632	1.232	2.449	0.703	2.533	6.855	8.847	7.433	9.292
SLC12A2	4.998	7.966	7.821	6.122	3.018	2.476	1.819	2.850	8.242	7.117	7.747	8.876
SLC1A4	7.380	7.339	6.666	9.248	1.543	1.184	1.212	3.535	7.701	8.051	9.303	7.099
SLC1A7	7.076	8.008	6.085	8.000	4.160	3.530	4.009	3.859	6.811	7.565	9.836	4.043
SLC22A1	6.536	6.481	6.049	7.620	2.230	2.465	1.954	3.227	7.953	6.713	9.163	5.381
SLC22A13	7.527	5.985	7.962	7.030	2.222	3.141	2.294	3.658	7.102	8.657	5.941	5.843
SLC25A21	7.220	7.814	7.327	8.248	2.751	4.931	2.519	3.684	5.093	5.388	6.708	5.494
SLC25A4	7.455	5.680	7.001	7.459	1.638	2.141	1.966	2.397	9.512	8.582	5.618	7.558
SLC26A4	8.565	7.479	8.251	7.222	3.363	0.414	2.874	2.080	6.808	6.150	8.315	6.945
SLC27A3	6.323	8.404	5.322	6.583	2.668	2.943	2.996	4.414	6.862	5.877	6.450	7.973
SLC27A5	7.647	8.205	8.295	8.430	1.954	0.513	1.443	2.859	6.618	8.416	7.751	7.139
SLC35E3	7.808	7.751	6.688	7.322	2.400	4.130	3.386	2.464	6.600	7.369	7.053	7.379
SLC38A3	8.707	7.563	10.161	9.187	1.817	3.538	1.588	2.018	8.823	8.308	7.208	7.880
SLC3A1	7.245	9.134	7.397	7.993	1.280	0.893	2.145	2.206	6.851	7.484	7.674	9.130
SLC45A2	6.113	6.179	7.762	8.731	4.748	2.814	1.951	2.899	7.994	6.386	6.170	7.578
SLC48A1	6.447	8.908	5.158	6.291	4.158	3.145	1.988	2.527	6.596	5.146	6.733	6.911
SLC7A4	6.613	6.873	7.240	7.842	2.856	2.029	2.710	1.774	6.407	7.197	7.567	7.012
SLC9A3	6.686	5.945	6.055	4.679	3.828	3.131	3.380	3.606	7.109	7.240	6.255	6.861
SLITRK5	6.250	5.251	7.301	8.253	2.121	1.443	3.341	1.479	6.525	6.267	5.868	5.816
SMAD1	9.146	8.058	5.805	5.859	4.238	0.811	1.976	2.626	7.515	6.575	8.268	8.566
SMPD2	6.860	6.251	7.029	7.464	1.679	2.161	3.221	3.203	6.819	8.614	6.994	6.273
SNRK	7.426	8.076	6.743	6.067	2.292	2.250	2.025	1.220	6.836	8.010	8.330	8.668
SNX10	7.950	7.419	6.781	6.394	0.984	2.198	1.241	1.058	5.882	7.599	8.170	6.819
SNX15	6.972	7.982	7.940	6.231	2.369	3.131	1.724	2.890	7.653	8.652	8.798	7.582
SOAT2	7.694	5.717	6.617	7.521	2.615	2.172	2.293	3.766	6.475	5.876	8.069	8.024
SOCS1	8.656	9.278	9.210	8.061	0.967	2.644	1.326	0.166	8.462	6.574	7.644	8.745
SORT1	7.653	7.507	8.429	7.810	2.164	1.616	2.654	4.647	9.343	6.093	8.976	5.819
SOX5	7.965	6.622	8.422	7.642	1.901	3.417	2.375	2.516	9.000	6.669	6.749	7.532
SPAG4	10.060	8.361	7.742	6.363	1.342	2.126	1.034	2.857	8.457	7.149	6.895	8.493
SPC25	6.748	7.386	8.099	6.936	1.578	2.005	2.878	2.824	6.546	6.147	6.415	6.808
SPRR1A	7.207	7.231	5.603	6.929	0.844	0.737	1.613	2.185	8.805	7.396	8.269	7.187
SRC	7.435	6.205	8.954	8.281	3.486	1.952	1.496	3.593	7.641	8.053	8.027	10.272
SSTR1	6.632	7.286	6.558	4.677	1.854	0.840	3.979	3.920	5.400	6.769	6.609	5.789
SSTR5	8.379	6.495	7.026	7.042	3.290	3.143	2.482	3.449	6.090	8.295	7.151	7.297
SSX2IP	6.450	6.754	6.713	7.016	2.068	4.085	2.512	2.933	5.828	6.788	7.472	6.785
STAB1	8.088	7.250	10.325	8.456	2.712	3.311	3.109	3.066	7.773	7.294	5.720	5.816
STAG3	9.039	9.950	10.133	7.505	-0.197	1.732	-0.586	0.776	8.379	6.483	7.579	8.357
STC1	7.322	5.836	6.367	6.855	2.370	1.223	0.536	3.179	7.384	5.515	6.860	7.481
STEAP3	7.956	6.773	7.192	8.175	1.609	2.066	2.807	2.542	6.668	6.696	8.085	7.215
STIM1	9.298	6.288	7.729	8.543	2.332	3.668	1.803	3.036	6.670	6.742	6.452	6.618
STMN2	7.659	7.744	6.462	7.140	1.893	3.456	2.338	2.823	4.761	8.158	8.510	5.299
STRAP	6.766	7.874	9.563	7.481	2.392	2.773	3.958	4.338	4.505	6.812	7.825	5.577
STXBP6	8.210	5.984	6.915	7.087	3.765	4.294	2.754	1.888	6.989	6.521	6.141	5.847
SULT2A1	6.897	6.216	7.491	8.774	1.025	0.643	2.220	0.455	8.638	6.932	6.907	7.626
SUPT6H	4.721	5.914	5.543	5.472	3.702	3.589	5.492	3.431	8.880	6.380	7.219	5.936
SYNGR3	7.015	8.083	7.549	8.247	1.840	1.933	2.193	2.766	7.914	7.091	6.506	7.033
TBR1	7.992	5.653	8.203	8.187	1.658	2.763	1.984	3.827	6.871	7.542	9.080	9.838
TCF7	9.907	7.154	8.234	8.157	2.313	2.631	0.617	0.761	7.198	7.624	8.049	7.824
TCHH	7.206	7.282	6.701	7.987	1.310	2.886	3.248	1.874	6.749	8.603	7.468	7.119
TCL1A	9.330	8.467	6.580	8.276	2.376	1.589	0.156	2.287	8.906	9.159	5.512	8.159
TGM4	9.571	7.338	7.446	5.748	2.667	3.390	2.134	2.520	8.209	6.461	7.794	7.125
THUMPD2	7.876	9.166	7.540	6.670	2.076	0.820	2.821	1.765	8.654	7.838	9.155	9.564
TLR2	6.739	6.839	8.803	8.849	2.716	3.883	1.801	0.709	6.864	8.172	7.766	5.433
TMBIM1	6.659	6.778	6.081	5.375	2.154	2.110	3.223	1.914	7.252	6.589	7.786	8.293
TMPRSS15	8.997	7.069	8.617	9.397	2.369	1.558	1.644	2.959	8.724	7.337	7.554	5.976
TNKS2	9.050	8.790	8.197	7.865	0.326	1.888	2.637	1.604	8.068	7.222	8.684	7.690
TNNT3	7.140	5.229	4.888	7.037	4.412	3.623	2.645	3.284	6.653	5.006	5.612	4.884
TOMM7	9.357	9.375	8.084	7.539	2.266	2.308	3.089	3.058	8.878	8.874	7.904	8.345
TOR3A	7.584	8.271	8.152	6.240	-0.435	1.369	1.706	0.505	6.082	5.267	7.578	7.875
TPP2	8.270	7.849	10.304	9.376	0.340	2.469	1.491	0.352	9.116	7.047	6.470	9.411
TRHDE	6.808	6.519	7.350	7.699	2.674	3.281	3.178	2.401	7.158	8.500	7.328	6.592
TRIM15	8.264	6.624	7.078	9.314	3.247	1.785	2.290	1.758	7.873	8.728	6.887	9.009
TRIM56	7.941	8.175	6.554	7.348	2.795	2.296	2.080	1.891	8.251	6.986	7.508	8.874
TRPC4	7.062	7.128	8.693	7.696	3.179	3.594	-0.189	2.484	5.961	7.484	5.888	5.360
TRPM3	6.139	5.697	6.526	5.299	2.399	2.621	1.835	3.605	7.840	7.457	7.325	7.869
TRPM6	5.459	5.582	6.922	8.378	2.658	2.422	5.617	3.211	4.818	7.026	6.294	6.185
TSPAN12	6.712	5.780	6.082	6.428	1.828	3.975	2.392	3.911	7.241	7.519	6.299	7.499
TSPAN31	6.569	5.470	6.558	6.145	4.143	2.124	3.386	1.238	6.698	7.869	7.950	7.698
TUBA1A	7.246	6.306	4.543	5.480	4.986	4.685	5.461	4.844	6.103	4.590	5.671	5.816
TUBA3C	7.299	7.782	7.926	6.537	3.028	2.586	1.654	2.633	6.068	8.711	8.106	8.152
TUBB2B	6.478	6.426	3.910	7.113	3.897	5.189	2.999	4.758	6.143	5.650	5.097	5.857
TWSG1	6.053	5.609	7.762	7.536	1.830	3.309	1.948	3.025	6.997	7.158	8.983	7.094
UBXN7	6.231	6.167	7.361	9.348	3.566	1.811	2.712	2.497	4.369	6.348	8.267	6.901
UCP3	8.692	7.685	7.979	8.922	2.540	-0.283	1.782	2.664	7.768	8.958	7.087	7.537
UGGT2	6.497	8.953	7.799	6.591	3.372	2.874	3.252	3.307	6.464	5.860	7.828	5.792
UGT2B15	6.062	7.427	7.254	7.205	3.719	1.321	2.700	3.650	5.803	6.961	6.825	6.784
UHRF1BP1L	7.611	8.418	6.795	9.079	2.237	2.509	3.940	3.407	7.835	7.603	6.955	6.664
UIMC1	8.096	7.152	7.576	7.806	4.692	2.596	2.317	3.312	7.670	7.759	8.461	6.396
UNC5C	7.665	8.481	6.963	8.233	3.373	0.739	1.457	3.775	8.722	8.053	5.793	8.716
UPF3B	6.033	7.974	7.444	7.300	2.617	3.895	1.480	2.509	8.395	6.740	8.854	9.744
URGCP	6.945	5.153	6.844	5.050	2.878	6.341	4.554	3.771	9.743	7.587	7.108	6.363
USH1C	9.153	7.479	6.742	7.572	2.477	1.439	3.061	2.163	6.950	9.049	8.302	8.438
USP19	5.953	7.582	6.434	6.816	1.952	2.426	3.212	3.076	8.152	7.066	6.770	7.292
USP20	5.842	8.809	8.229	10.391	2.181	2.977	1.721	5.361	7.695	8.121	7.329	7.311
USP48	5.903	6.297	6.711	7.803	2.962	0.980	2.647	1.786	7.246	7.751	8.280	5.815
USP6NL	8.276	7.489	7.466	6.382	2.091	3.005	2.861	1.719	9.424	7.659	6.519	8.899
UTS2	10.478	7.269	7.373	7.279	0.814	3.062	2.445	3.040	8.177	8.208	6.597	7.201
VAMP1	8.561	5.743	6.703	6.652	3.297	1.372	1.030	2.212	8.211	6.324	10.404	7.599
VDAC2	6.790	7.177	8.080	6.988	2.906	3.526	3.828	2.067	8.125	7.078	6.885	7.559
VGLL4	6.107	7.090	7.771	8.300	2.043	4.860	4.384	2.472	8.996	7.632	7.347	8.981
VPS13A	7.002	8.203	6.519	7.909	3.238	2.061	3.594	2.841	7.135	6.267	6.016	6.546
VPS13C	7.453	5.423	7.493	6.918	2.605	1.386	2.572	2.582	7.481	7.390	7.735	8.381
VPS37C	7.483	7.272	6.383	7.618	1.607	1.025	0.750	2.462	6.248	9.738	5.443	4.875
WARS	10.535	9.049	10.549	9.324	0.074	-1.039	-0.547	-0.052	9.842	8.640	7.559	9.331
WASF1	8.289	6.334	7.243	5.629	3.127	2.743	1.903	4.431	8.134	7.297	8.839	6.296
WDR1	7.636	7.424	7.779	6.234	2.653	3.649	1.143	0.469	7.383	6.733	7.958	5.912
WDR73	8.259	8.327	7.157	7.666	1.177	2.863	3.819	3.206	7.172	6.637	6.322	8.695
WIPI1	6.772	6.720	9.528	8.092	2.177	2.876	3.757	1.544	8.226	8.137	6.498	7.201
WIPI2	6.243	7.443	6.952	6.359	4.141	0.612	2.459	3.692	8.013	7.197	6.332	6.216
WNT16	6.891	8.725	7.187	9.693	0.213	1.718	2.509	1.175	8.171	9.478	8.137	6.899
WSCD2	6.276	5.891	7.210	6.991	2.352	3.212	2.609	3.240	8.239	6.029	6.944	7.075
XYLB	6.177	8.339	7.933	3.836	3.005	1.730	1.759	2.048	7.748	9.230	7.092	7.405
YAP1	8.446	7.357	8.802	7.671	3.826	2.808	2.763	3.299	5.311	7.402	7.602	9.296
ZFAND5	6.866	6.553	6.903	6.523	5.088	4.238	2.898	2.524	6.995	6.473	6.897	7.772
ZNF136	8.396	9.021	6.333	8.197	2.078	2.851	0.280	4.007	6.680	6.669	6.774	7.826
ZNF148	6.123	6.225	6.490	8.062	1.425	3.209	2.502	2.109	6.511	5.007	7.612	7.614
ZNF226	4.922	5.914	6.095	4.800	2.298	4.607	2.845	5.101	6.177	6.174	6.274	5.581
ZNF234	7.229	7.119	6.715	6.489	2.238	3.816	3.004	3.437	9.218	7.391	6.698	7.305
ZNF257	7.696	7.552	8.449	10.569	3.019	1.600	1.108	1.673	7.571	8.291	10.797	7.405
ZNF362	6.774	7.324	7.082	7.759	4.247	2.387	4.739	3.520	7.199	6.853	6.858	5.898
ZNF467	5.726	9.134	7.395	6.425	3.383	3.916	3.016	2.857	7.877	7.932	6.902	6.205
ZNF492	6.590	7.936	7.958	8.126	3.326	3.653	3.570	2.974	7.818	8.056	7.274	9.137
ZNF551	6.611	7.240	6.809	6.469	4.293	3.053	4.011	1.996	5.176	6.549	8.196	8.396
ZNF580	6.457	7.653	5.971	7.011	3.882	1.869	2.377	0.224	7.515	8.827	7.949	7.450
ZNF85	6.963	8.119	8.973	8.083	5.004	2.757	3.046	2.948	6.036	7.162	6.922	7.080
ZNF862	5.612	7.804	6.782	8.698	0.604	3.611	2.752	3.394	7.516	7.090	6.857	8.762
ACOT1	9.402	7.126	10.459	8.584	8.843	8.642	8.286	7.769	1.512	3.505	2.824	1.780
ACTR3	7.022	8.079	7.984	7.304	7.717	8.229	8.877	7.537	2.201	4.839	2.556	2.505
ACTR3B	6.986	6.753	7.995	8.494	8.080	7.403	7.235	7.654	2.430	0.532	1.623	4.833
ADAMTS12	9.646	8.254	6.613	7.935	7.668	7.986	6.945	8.919	2.098	3.397	2.291	1.161
ADAMTS13	8.227	5.472	6.704	6.675	5.999	5.485	7.625	6.649	3.967	3.687	3.061	2.847
ADAMTS7	9.560	7.564	7.743	7.946	8.175	8.076	8.224	6.870	2.783	1.537	1.032	1.683
ALDH18A1	7.594	8.714	7.539	6.794	7.952	7.740	8.257	7.525	4.268	3.117	3.514	1.804
ALPI	7.550	9.766	8.867	7.568	8.354	7.698	8.850	7.080	1.880	1.872	2.023	1.487
ARSE	8.019	7.211	8.823	7.672	9.322	5.752	7.323	9.672	2.463	1.623	1.481	2.610
ATG5	5.849	7.018	6.752	7.034	7.039	7.611	7.468	6.659	3.828	5.228	4.152	2.452
ATP9B	8.014	7.536	9.169	9.116	8.578	7.110	8.450	7.977	1.158	0.498	2.787	0.364
B3GNTL1	8.082	9.022	8.628	6.559	10.079	8.437	8.351	8.793	3.359	2.567	1.739	1.042
BTG2	10.774	10.914	8.767	7.813	9.382	8.567	9.858	6.660	0.336	0.360	0.463	1.594
C12orf4	7.928	6.183	7.669	8.322	6.362	7.055	6.282	6.861	1.079	2.094	3.011	2.290
C1GALT1C1	6.361	6.490	6.518	6.490	6.922	6.376	7.006	8.557	3.465	3.348	2.764	3.660
CARD10	8.577	8.477	7.555	8.807	9.183	9.234	8.480	7.800	1.262	2.581	-0.181	1.932
CCL19	4.555	5.240	7.884	3.643	4.849	4.855	5.291	5.791	4.107	3.587	6.379	6.131
CCNK	7.726	8.825	8.060	8.530	8.544	7.165	7.442	9.075	0.997	1.900	2.183	0.784
CD19	8.379	6.680	6.217	6.613	6.483	6.322	5.933	7.342	2.899	2.763	4.573	1.943
CD38	3.418	2.173	3.108	0.629	1.623	2.574	0.852	1.553	8.729	9.460	9.140	8.836
CD3G	6.068	8.633	4.570	7.039	6.208	5.216	6.821	6.533	4.431	3.858	4.194	3.269
CD8A	6.574	6.803	7.974	6.099	6.125	6.754	6.473	6.311	4.803	4.437	0.442	4.672
CELF3	6.875	9.036	7.886	6.972	7.755	7.547	9.808	8.414	4.169	2.992	2.984	2.652
CEP68	6.587	8.115	6.727	7.029	7.480	7.895	6.918	7.431	3.447	0.638	1.321	1.323
CHCHD3	7.060	7.139	8.450	6.834	8.503	8.221	5.856	7.774	1.987	0.868	1.914	2.954
CHRND	9.010	7.019	7.954	8.549	8.785	6.789	7.806	7.669	2.744	2.426	2.737	0.904
CIRBP	8.644	6.555	6.951	8.797	8.187	8.888	8.922	6.860	3.571	1.006	0.897	3.874
CISH	8.370	8.180	6.652	8.886	7.691	8.036	9.722	9.317	0.167	0.928	0.225	1.008
CLPS	9.074	10.992	9.453	8.840	10.787	10.351	8.911	10.205	2.699	1.880	2.188	0.375
CNR2	8.257	8.758	6.291	8.469	7.418	6.824	6.849	8.155	2.562	1.727	1.702	1.945
CPN1	8.282	8.656	9.339	8.365	7.980	8.744	7.646	9.391	0.370	3.087	0.693	0.827
CRH	9.299	9.022	10.338	7.561	7.612	7.021	8.495	7.619	1.856	3.910	1.973	-0.277
CRISP1	7.887	9.237	6.194	7.791	6.522	8.307	7.983	8.570	1.704	1.315	2.811	1.230
CST1	6.641	7.727	8.765	7.480	6.988	5.701	8.357	7.702	3.208	3.528	3.234	2.592
CSTB	8.537	7.328	6.234	9.161	6.086	7.912	9.404	7.937	3.358	2.953	3.675	2.931
CTSC	7.264	6.583	7.668	6.203	9.481	8.453	7.469	8.465	4.716	0.938	4.751	3.205
CXCL9	1.551	2.009	1.238	1.747	1.925	1.909	1.801	1.939	8.257	8.439	7.419	6.894
CXCR5	6.596	6.227	8.043	6.987	7.502	4.637	6.828	6.081	3.819	4.042	3.846	2.352
CXCR6	8.316	6.929	6.741	6.858	6.728	9.169	5.487	8.632	2.568	4.247	3.483	2.720
CYTH1	9.325	8.497	7.682	6.744	8.353	6.953	7.870	6.996	1.602	2.893	1.279	2.333
CYTIP	4.042	5.766	6.341	5.295	5.926	5.895	3.525	5.614	6.812	5.042	2.698	3.555
DCAF4	7.981	8.689	9.274	6.518	7.908	9.086	7.521	5.903	2.104	2.785	2.054	-0.622
DCHS1	8.028	7.928	10.694	6.938	8.367	8.659	7.954	9.151	0.993	2.352	1.951	0.770
DCLK1	10.781	11.039	9.677	9.062	10.653	9.582	9.110	10.997	2.265	1.279	2.153	-0.506
DRAP1	7.813	7.309	6.669	8.131	6.333	6.587	7.888	7.635	1.925	2.084	2.916	1.575
DUSP4	9.786	7.939	6.966	8.408	7.604	7.391	9.042	8.702	1.783	1.519	1.284	0.042
DVL1	9.120	8.667	10.206	10.032	7.909	8.172	6.374	8.210	0.270	-0.377	1.621	0.289
E2F3	9.421	9.589	7.602	7.024	7.983	8.420	8.865	6.682	2.410	1.823	2.855	0.701
ECHDC2	8.204	8.112	7.629	9.871	7.463	8.424	5.720	7.273	2.546	2.152	2.698	2.798
EGR3	7.427	9.072	9.732	9.110	10.607	9.189	8.810	8.081	1.981	2.264	1.533	0.838
ESPL1	9.143	9.514	9.940	10.633	8.576	9.233	10.154	11.898	0.427	-0.648	0.994	-0.405
ESRP1	8.485	5.919	7.913	7.001	8.044	6.123	8.003	7.939	1.174	0.969	3.266	2.104
ESRP2	7.127	7.066	8.803	8.272	7.987	6.519	8.227	6.123	1.680	1.251	3.717	2.740
EXOC5	6.419	7.185	7.112	7.960	7.818	8.846	6.442	7.029	3.035	3.507	1.211	3.024
EZH1	6.056	8.957	8.379	7.353	8.378	7.691	8.775	5.977	1.166	1.541	2.055	1.911
FADS2	6.221	7.226	8.129	7.699	6.501	5.115	6.030	9.586	1.670	1.653	2.134	2.937
FAM102A	9.452	8.859	8.945	6.562	9.554	10.355	10.383	6.761	0.403	1.341	1.170	0.730
FARS2	9.217	8.784	9.853	10.047	8.901	9.657	10.266	11.192	-1.597	-0.306	0.180	1.258
FBXL7	7.746	7.941	7.985	5.706	7.383	9.324	9.290	7.912	1.414	2.485	0.548	0.862
FCGR3A	7.269	6.966	9.097	7.491	7.751	7.482	7.582	7.909	2.262	1.150	1.165	2.749
FCN3	5.797	7.384	6.920	5.263	5.296	8.901	5.977	5.953	3.454	1.878	3.555	4.250
FGF5	6.757	8.393	7.517	8.082	9.189	6.684	7.322	9.220	1.792	3.789	3.074	0.244
FUT7	9.056	6.796	8.529	7.032	7.660	5.877	7.653	7.518	1.620	2.781	2.863	0.403
FXYD2	7.312	7.237	7.205	8.064	8.681	7.044	8.621	7.012	2.610	2.560	2.190	1.361
GAPVD1	8.554	10.014	10.214	7.536	7.290	7.903	7.837	8.309	2.081	1.124	1.482	3.277
GHR	8.297	7.767	7.355	9.005	8.206	6.387	9.201	8.193	1.563	1.661	3.722	3.116
GOLGA7	6.311	7.063	8.197	6.668	5.896	7.131	6.824	9.170	3.070	2.875	2.269	1.641
GPR132	5.162	4.038	6.244	4.237	4.548	4.081	5.342	4.805	4.823	3.485	4.876	4.740
GRP	6.977	8.796	7.444	8.275	9.219	7.586	6.605	8.455	0.775	2.856	-0.648	0.118
GTF3A	9.231	6.793	7.896	7.422	5.895	4.769	6.721	7.681	2.230	1.002	5.041	2.525
GZMB	8.182	6.143	7.589	5.113	5.930	6.145	5.370	6.904	4.802	2.688	2.024	2.603
GZMH	8.287	7.268	8.506	8.191	6.713	8.418	8.138	7.995	2.714	3.567	3.394	1.475
H2AFY2	7.878	8.320	8.616	6.276	6.321	7.854	8.008	6.615	2.240	3.250	1.402	2.617
HBQ1	7.947	7.558	9.107	8.502	6.456	6.610	6.765	6.986	0.082	2.317	1.606	1.481
HECW1	8.545	8.258	10.830	7.841	7.138	7.795	8.348	7.130	0.381	1.552	0.703	2.293
HLA-DOA	7.610	6.859	7.303	6.145	7.417	7.468	9.068	8.621	0.709	3.691	0.481	2.409
HLA-DOB	8.740	7.145	7.565	8.374	5.989	6.472	8.091	8.231	2.248	2.170	2.829	5.069
HUWE1	7.909	4.170	7.649	5.454	6.379	7.051	4.907	4.610	2.077	2.401	4.912	3.868
HYAL1	7.595	8.150	7.989	7.473	7.249	6.653	7.127	7.708	3.110	1.752	2.655	3.163
IGF2R	7.519	7.252	9.477	7.727	8.483	7.111	8.205	8.450	1.202	1.922	1.665	0.362
IL21R	-1.366	-0.941	-0.457	0.823	0.501	1.746	0.492	-0.298	9.929	12.048	11.835	8.725
IL2RG	8.155	6.734	7.527	8.830	6.178	7.101	7.137	9.748	3.461	3.835	2.379	1.128
IL7R	8.605	5.940	9.260	8.072	7.337	7.553	10.466	9.107	2.460	1.684	2.964	3.460
ITGB5	7.058	8.294	10.075	7.325	7.124	7.649	5.816	8.558	1.591	0.461	-0.111	3.120
ITM2C	6.523	6.189	7.595	6.926	8.525	5.793	7.169	6.245	2.759	2.341	2.341	1.089
IVNS1ABP	7.196	8.987	8.307	6.650	7.751	7.103	7.360	7.831	2.759	2.819	2.438	2.909
KCNE2	8.865	8.976	7.561	7.551	6.470	8.031	6.354	7.506	0.420	1.210	4.380	3.102
KCNJ9	9.894	9.793	9.756	9.788	10.128	8.936	8.312	10.031	-0.810	1.379	0.624	1.624
KCNMB3	8.489	7.918	8.587	8.224	9.388	8.402	8.301	7.073	3.114	1.107	-0.454	2.366
KCNMB4	7.174	8.623	7.159	10.134	9.600	7.606	9.553	10.514	0.758	0.737	2.440	0.656
KIR3DL3	6.537	5.355	6.777	8.005	5.972	5.778	4.753	5.821	3.330	2.720	4.195	3.676
KISS1	7.906	6.406	9.611	9.477	6.737	6.363	8.357	7.612	1.962	1.218	2.012	0.987
KLRB1	6.577	6.846	7.430	6.014	7.675	8.424	6.411	6.063	3.569	3.319	4.100	4.213
LAG3	6.230	7.235	8.126	6.763	7.848	6.263	7.577	4.985	2.915	1.908	3.418	2.521
LALBA	6.600	8.469	7.733	6.705	8.881	8.267	5.772	7.130	1.265	0.951	4.566	4.261
LAMP3	6.580	6.262	5.640	5.218	7.067	7.587	5.629	5.474	3.853	2.955	3.320	2.375
LCP1	4.847	6.738	6.757	5.377	7.103	7.083	4.830	6.425	3.835	1.828	3.257	4.358
LFNG	6.453	6.706	7.210	7.093	7.118	7.411	5.351	4.242	4.313	2.052	2.637	3.730
LGALS2	7.797	8.029	7.905	7.271	8.374	6.964	7.028	6.908	0.168	2.545	3.628	2.830
LGALS8	7.908	8.066	9.280	8.190	7.808	8.966	9.023	9.288	2.415	3.760	2.434	0.172
LRCH3	8.413	8.318	7.731	7.845	7.945	8.811	4.980	7.812	2.641	0.427	1.368	3.580
LRP3	8.487	9.019	8.095	8.246	8.393	8.706	7.177	9.748	2.185	0.008	1.509	2.059
LRRC17	7.684	7.829	9.277	8.897	9.028	8.172	10.153	9.102	-0.826	-0.006	1.087	0.613
LYN	5.973	7.576	5.281	5.621	7.051	7.572	7.614	6.361	3.800	4.020	3.510	2.495
MAL	6.168	7.071	6.283	6.011	5.399	7.540	7.388	6.166	3.673	2.693	3.499	4.504
MAPK1	9.112	8.926	7.259	7.574	9.456	7.074	7.567	8.227	2.411	2.017	4.187	2.270
MAPT	8.425	8.949	9.324	9.472	7.183	10.306	8.429	10.291	0.405	0.752	0.021	0.270
MDM2	7.171	8.636	10.081	8.970	9.267	10.373	7.900	8.851	0.933	2.137	3.251	1.241
MLH1	5.733	6.972	7.059	7.116	8.922	8.793	8.765	9.118	1.145	0.992	2.034	2.253
MMP12	7.889	7.415	5.048	7.552	6.985	6.387	8.379	6.562	1.875	3.612	2.491	3.959
MMP16	7.721	9.683	8.776	8.811	5.792	8.082	8.498	9.082	1.688	0.312	1.169	2.128
MREG	9.188	7.430	8.971	9.664	7.372	7.319	7.755	7.065	2.277	0.899	1.585	2.766
MRPL39	6.921	7.103	7.827	6.465	8.171	8.905	8.157	7.537	3.329	1.156	1.748	3.083
MRPS15	6.488	7.504	7.478	6.915	7.746	6.585	6.481	8.881	2.575	1.914	0.991	2.818
MTNR1A	9.384	6.599	8.385	6.791	8.348	7.609	8.629	7.862	0.254	3.216	3.515	2.081
NAGA	8.034	9.478	8.988	8.175	8.225	8.875	6.766	7.025	2.906	1.935	2.002	0.517
NCOA1	9.211	9.945	11.119	9.224	10.802	8.971	9.035	8.207	-0.397	-1.301	-1.428	0.910
NKG7	7.596	5.951	6.391	6.187	5.564	5.350	5.848	5.117	4.316	4.094	2.676	4.570
NPVF	8.359	10.531	7.553	8.073	7.097	10.109	9.422	8.593	1.457	2.144	4.755	1.111
NR5A1	6.419	8.094	10.349	8.817	8.652	7.468	8.184	8.129	1.418	1.279	2.514	1.588
NRIP1	8.393	8.995	9.122	8.956	9.084	6.418	8.064	7.780	2.438	0.618	-0.022	1.451
OVOL1	4.629	7.554	8.881	6.529	7.932	5.539	8.090	6.789	2.605	3.090	1.823	2.459
PAGE1	6.527	7.153	9.409	9.823	7.510	8.872	9.547	6.831	-0.108	4.660	1.487	1.118
PAGE4	10.364	8.476	9.288	10.897	9.250	8.367	10.663	8.046	3.180	2.258	3.164	2.235
PCSK6	8.201	8.789	9.324	9.849	8.413	10.144	8.946	10.396	2.077	-0.135	-0.632	1.800
PDCD1	5.033	6.934	6.578	5.659	7.784	5.922	6.476	5.978	4.098	4.522	1.241	5.044
PDZD8	8.653	8.309	8.231	8.128	6.183	8.708	7.970	6.664	1.415	1.035	0.917	-0.780
PEAK1	8.531	9.149	9.218	7.906	7.629	7.648	9.473	7.399	2.476	0.463	0.768	2.203
PER3	8.935	8.556	8.462	9.913	7.624	10.085	8.158	11.746	1.791	2.140	1.612	0.317
PEX3	6.292	4.491	6.932	6.375	3.116	6.364	5.855	6.712	3.153	3.082	5.619	4.136
PIM2	7.448	7.257	8.394	5.890	6.757	6.496	8.380	8.217	1.729	2.783	0.228	2.502
PLA2G7	7.322	8.102	7.431	7.293	6.363	6.291	5.770	4.963	3.687	3.269	1.372	3.000
PMP22	9.608	8.721	8.720	8.465	10.493	8.164	10.219	7.349	1.206	0.455	0.870	2.883
POMT2	9.636	6.051	8.331	7.562	8.454	6.764	8.476	7.608	3.047	2.606	2.392	1.690
PPP5C	7.450	5.669	6.635	6.254	6.942	6.807	8.812	5.837	2.833	1.458	4.783	3.177
PRDM5	6.028	9.799	8.937	8.834	8.222	8.375	7.683	6.909	3.553	2.073	0.616	0.637
PRPH	8.943	8.011	6.922	7.101	8.763	8.280	6.902	7.680	1.596	1.252	3.406	0.532
PRSS3	8.693	6.111	8.442	7.598	7.597	8.763	8.031	7.993	3.027	2.971	1.525	2.899
PTAFR	8.151	8.801	7.572	6.692	8.359	9.041	8.264	7.158	2.675	0.291	1.621	3.405
PTPN7	5.807	4.620	4.867	5.502	3.828	5.947	5.264	4.906	5.706	2.720	3.960	3.098
PYHIN1	1.713	4.012	2.774	2.888	4.044	3.769	2.492	4.287	6.905	6.483	7.221	5.815
RAD51B	8.978	7.629	8.263	8.492	7.667	8.236	9.282	7.312	2.214	1.973	2.246	-0.171
RASGRP2	10.010	6.352	7.110	6.830	7.071	6.864	8.781	7.422	4.121	1.703	3.865	2.463
RGL2	7.036	8.021	9.670	8.293	8.286	8.437	8.350	7.876	0.170	2.962	2.041	0.376
RGS12	8.124	9.477	7.997	8.256	9.499	8.782	9.058	7.702	0.703	0.946	2.206	-0.022
RGS9	9.840	6.927	7.056	7.564	9.009	6.790	7.601	6.752	0.076	0.745	2.590	1.361
SACM1L	7.368	9.075	8.134	10.552	8.960	7.852	9.972	8.362	0.870	-0.365	0.820	0.683
SCCPDH	9.110	7.419	8.901	10.518	6.741	9.088	5.307	9.074	2.091	3.282	2.068	2.076
SCN2B	7.724	9.153	6.684	7.144	7.813	7.504	6.401	8.535	2.998	2.658	1.794	2.273
SEL1L3	7.056	6.794	8.666	8.265	9.165	9.769	6.953	6.436	1.941	1.898	2.292	1.399
SEMA3B	8.242	8.456	7.084	8.023	10.993	8.038	7.227	8.540	1.741	1.655	1.359	2.619
SH2D1A	6.650	5.095	7.291	7.133	4.715	8.542	7.005	7.761	1.760	2.355	4.910	2.885
SLAMF7	6.741	5.349	5.322	4.313	4.713	5.540	2.654	5.266	4.524	4.107	4.921	4.926
SLC1A1	8.345	8.888	8.211	7.102	8.990	6.894	8.708	7.707	2.306	2.008	1.149	1.203
SLC39A6	7.874	8.527	6.785	8.807	8.928	7.146	8.585	7.587	1.726	1.468	1.805	2.876
SLC6A1	7.727	8.466	6.757	7.401	9.812	8.184	7.260	8.504	1.644	1.113	2.437	1.837
SOD2	8.369	6.987	6.218	8.793	7.766	8.392	8.288	7.112	4.253	1.086	2.239	2.502
SORL1	10.111	9.111	9.439	10.409	10.246	8.096	8.486	7.830	-0.089	1.699	1.399	0.091
SOS1	7.722	7.506	9.645	8.159	5.119	8.118	9.283	8.692	1.271	1.242	1.983	3.244
SPATA7	7.926	5.866	9.081	7.392	7.631	6.753	8.196	8.626	1.627	1.372	1.270	1.314
SPP2	7.669	7.859	7.767	8.300	8.750	9.124	8.815	7.953	2.907	0.260	3.086	1.773
SRR	9.523	10.039	7.376	8.879	9.997	8.668	10.304	10.234	0.018	1.848	0.547	-0.147
STAT1	6.814	5.606	5.778	6.763	6.176	7.711	7.713	6.697	1.222	1.337	3.401	0.926
TAC1	8.688	9.580	9.495	9.431	8.401	7.708	8.384	7.748	2.420	2.983	2.553	3.231
TAS2R8	8.300	6.938	5.815	6.898	6.655	9.310	9.150	10.267	0.712	0.413	1.078	2.522
TBPL1	7.459	7.019	8.518	8.178	7.718	7.076	6.952	6.642	0.739	2.708	5.458	4.008
TCP1	7.483	7.904	8.241	7.907	7.199	8.435	8.402	6.734	2.260	1.302	1.799	0.900
TEAD1	9.170	9.641	9.930	6.462	8.225	9.696	9.365	8.552	0.921	2.839	2.114	0.902
TERT	8.288	8.544	9.515	7.804	9.770	8.534	6.673	8.350	3.617	3.197	2.267	2.721
TFDP3	8.407	6.094	9.860	6.477	9.444	7.547	8.858	6.084	3.107	2.946	3.178	1.436
TGOLN2	5.940	8.233	8.047	8.454	8.445	8.519	7.422	8.654	4.166	-0.525	1.466	1.344
THEG	8.555	10.899	9.496	9.295	7.126	9.737	8.148	6.175	1.277	0.218	3.309	2.144
THSD7A	7.969	8.676	8.839	8.779	8.898	9.392	9.417	9.317	2.394	2.343	1.766	2.216
TIPARP	7.924	9.078	7.297	7.990	9.997	10.041	7.793	8.859	1.892	2.614	0.787	-0.213
TMEM123	7.791	7.541	6.928	6.943	7.457	8.322	8.290	5.844	2.157	3.168	0.675	2.020
TMEM14B	7.684	7.683	7.926	7.160	6.191	7.798	6.304	8.104	2.182	3.122	4.142	2.175
TNFSF14	6.191	6.054	5.027	5.414	7.066	5.582	6.176	6.584	4.376	5.257	2.802	4.438
TNS1	8.656	9.040	8.610	6.649	7.089	10.325	7.405	6.609	0.929	1.024	2.298	2.223
TNXB	9.479	10.391	11.155	10.270	10.803	7.579	8.856	9.344	0.135	0.922	-0.203	0.574
TRAT1	8.478	8.161	7.415	7.734	5.497	8.625	6.661	8.495	2.311	2.830	2.331	2.703
TRIM10	11.087	9.168	9.739	9.196	9.673	9.719	8.518	9.790	-0.531	0.030	0.831	0.796
TRIM8	9.011	9.753	7.228	8.481	9.852	9.839	8.115	9.950	0.876	0.052	0.561	1.325
TRMT1L	7.083	7.390	8.078	8.778	9.359	9.582	8.751	8.808	0.985	1.150	2.966	1.284
TXK	4.119	6.992	6.401	6.989	5.898	7.046	7.247	5.085	4.114	3.670	5.041	5.267
UBASH3A	6.446	7.440	6.054	6.996	9.609	7.385	5.981	7.224	3.506	4.518	1.653	3.212
UBD	6.703	5.605	8.548	9.317	6.338	8.093	7.048	5.094	2.957	2.238	3.351	1.750
UBTF	8.682	8.088	8.594	6.374	9.302	7.390	6.536	7.423	2.434	0.817	2.794	0.628
UPK1B	7.937	8.280	9.054	7.398	7.878	7.159	8.388	8.375	2.396	2.920	1.461	2.896
VRTN	8.000	9.626	8.373	8.184	8.925	6.969	6.109	9.257	1.870	2.129	3.134	1.428
WNT6	9.439	7.904	6.862	6.491	6.275	6.550	7.660	9.936	2.895	0.735	0.554	1.212
XAF1	3.792	6.593	7.059	7.550	6.067	6.042	6.300	7.534	2.360	4.144	5.465	2.619
ZBED2	6.014	6.441	6.330	6.426	7.584	6.013	4.547	7.016	3.639	3.550	2.342	3.746
ZBTB32	6.359	6.216	7.245	7.860	6.859	6.148	6.423	8.995	2.279	4.347	2.632	2.661
ZDHHC17	7.700	8.404	10.101	9.480	8.310	8.208	8.314	7.304	-0.130	2.661	4.359	2.251
ZNF177	9.815	10.184	9.304	9.833	10.422	10.123	8.838	10.561	0.828	2.003	0.001	-1.020
ZNF350	8.148	6.841	7.171	7.635	8.112	6.735	7.112	9.390	1.741	3.283	1.649	0.702
ZNF688	9.656	7.620	7.881	8.801	7.121	7.484	7.872	7.517	1.583	1.469	3.137	3.144
ZNF804A	7.542	7.367	8.120	4.890	5.671	7.462	6.731	7.186	3.250	3.372	2.919	2.663
